,predictions,target
0,1.0,1
1,1.0,1
2,1.0,1
3,0.0,0
4,1.0,1
5,0.0,0
6,1.0,1
7,0.0,0
8,1.0,1
9,0.0,0
10,1.0,1
11,0.0,0
12,1.0,1
13,0.0,0
14,1.0,1
15,0.0,0
16,0.0,0
17,1.0,0
18,1.0,1
19,0.0,0
20,0.0,0
21,0.0,0
22,0.0,0
23,1.0,1
24,0.0,0
25,0.0,1
26,1.0,1
27,1.0,1
28,1.0,1
29,1.0,1
30,0.0,0
31,1.0,1
32,0.0,0
33,1.0,1
34,0.0,0
35,1.0,1
36,1.0,1
37,1.0,1
38,0.0,0
39,0.0,0
40,0.0,0
41,0.0,0
42,0.0,0
43,1.0,1
44,1.0,1
45,1.0,1
46,0.0,0
47,0.0,0
48,0.0,0
49,1.0,1
50,0.0,0
51,0.0,0
52,0.0,0
53,0.0,0
54,0.0,0
55,0.0,0
56,0.0,1
57,0.0,0
58,1.0,1
59,1.0,1
60,1.0,1
61,1.0,1
62,0.0,1
63,1.0,1
64,1.0,1
65,1.0,1
66,1.0,1
67,1.0,0
68,0.0,0
69,0.0,0
70,0.0,0
71,0.0,0
72,1.0,0
73,1.0,1
74,1.0,1
75,1.0,1
76,1.0,1
77,0.0,0
78,0.0,0
79,0.0,0
80,0.0,0
81,0.0,0
82,1.0,1
83,1.0,1
84,1.0,1
85,0.0,1
86,1.0,1
87,1.0,1
88,0.0,1
89,1.0,1
90,0.0,1
91,0.0,0
92,1.0,1
93,0.0,0
94,0.0,1
95,1.0,1
96,1.0,1
97,1.0,1
98,1.0,1
99,1.0,1
100,1.0,1
101,0.0,0
102,0.0,0
103,1.0,1
104,1.0,1
105,1.0,0
106,0.0,0
107,1.0,1
108,0.0,0
109,0.0,0
110,1.0,1
111,0.0,0
112,1.0,0
113,1.0,1
114,0.0,1
115,1.0,1
116,1.0,1
117,0.0,1
118,0.0,0
119,0.0,0
120,1.0,1
121,0.0,0
122,1.0,1
123,0.0,0
124,0.0,0
125,0.0,0
126,0.0,1
127,1.0,0
128,1.0,0
129,0.0,0
130,0.0,0
131,0.0,0
132,0.0,1
133,1.0,1
134,1.0,1
135,1.0,1
136,1.0,1
137,0.0,0
138,1.0,1
139,0.0,0
140,0.0,0
141,0.0,1
142,0.0,0
143,0.0,0
144,1.0,1
145,0.0,0
146,0.0,0
147,1.0,1
148,1.0,1
149,0.0,0
150,1.0,1
151,1.0,1
152,1.0,1
153,1.0,1
154,1.0,1
155,1.0,1
156,1.0,1
157,0.0,0
158,0.0,0
159,0.0,0
160,0.0,0
161,0.0,0
162,1.0,1
163,1.0,1
164,0.0,1
165,0.0,0
166,1.0,1
167,1.0,1
168,0.0,1
169,1.0,1
170,1.0,1
171,0.0,0
172,0.0,0
173,0.0,0
174,0.0,0
175,0.0,0
176,0.0,1
177,0.0,0
178,1.0,0
179,0.0,0
180,0.0,0
181,0.0,0
182,1.0,1
183,1.0,1
184,1.0,1
185,1.0,1
186,1.0,1
187,0.0,0
188,1.0,0
189,1.0,1
190,0.0,0
191,1.0,1
192,1.0,1
193,0.0,1
194,1.0,1
195,1.0,1
196,1.0,1
197,0.0,0
198,0.0,0
199,0.0,0
200,1.0,1
201,0.0,1
202,1.0,1
203,0.0,0
204,1.0,1
205,0.0,0
206,1.0,1
207,0.0,0
208,0.0,0
209,1.0,1
210,0.0,0
211,0.0,0
212,1.0,1
213,1.0,1
214,0.0,0
215,0.0,0
216,0.0,0
217,1.0,1
218,1.0,1
219,0.0,0
220,1.0,1
221,0.0,0
222,1.0,1
223,0.0,0
224,1.0,1
225,0.0,0
226,0.0,0
227,1.0,1
228,1.0,1
229,1.0,1
230,1.0,1
231,0.0,0
232,0.0,0
233,0.0,0
234,1.0,1
235,1.0,1
236,0.0,0
237,0.0,0
238,1.0,1
239,1.0,1
240,1.0,1
241,0.0,0
242,1.0,1
243,0.0,0
244,1.0,1
245,0.0,1
246,0.0,0
247,0.0,0
248,0.0,0
249,0.0,0
250,0.0,0
251,0.0,0
252,0.0,0
253,0.0,0
254,0.0,0
255,1.0,1
256,0.0,0
257,0.0,0
258,1.0,1
259,0.0,0
260,1.0,1
261,0.0,0
262,1.0,1
263,0.0,0
264,1.0,1
265,1.0,0
266,0.0,0
267,0.0,0
268,0.0,0
269,1.0,1
270,0.0,0
271,0.0,0
272,1.0,1
273,1.0,1
274,0.0,0
275,1.0,1
276,1.0,1
277,1.0,1
278,0.0,0
279,0.0,0
280,1.0,1
281,1.0,1
282,1.0,1
283,0.0,0
284,1.0,1
285,0.0,0
286,0.0,0
287,1.0,1
288,0.0,0
289,1.0,1
290,1.0,1
291,1.0,1
292,0.0,0
293,1.0,1
294,0.0,0
295,1.0,1
296,0.0,0
297,0.0,0
298,1.0,0
299,1.0,0
300,0.0,0
301,0.0,0
302,0.0,0
303,0.0,0
304,0.0,1
305,1.0,1
306,0.0,0
307,0.0,0
308,0.0,0
309,1.0,1
310,0.0,0
311,0.0,0
312,0.0,1
313,0.0,0
314,0.0,0
315,0.0,0
316,0.0,0
317,0.0,0
318,1.0,1
319,0.0,0
320,1.0,1
321,0.0,0
322,1.0,1
323,1.0,1
324,0.0,0
325,1.0,0
326,0.0,0
327,1.0,0
328,0.0,0
329,1.0,1
330,1.0,1
331,0.0,1
332,1.0,1
333,1.0,1
334,1.0,1
335,0.0,0
336,0.0,0
337,0.0,0
338,1.0,1
339,1.0,1
340,0.0,0
341,0.0,1
342,1.0,1
343,0.0,0
344,0.0,0
345,0.0,0
346,1.0,1
347,0.0,0
348,0.0,0
349,1.0,1
350,0.0,0
351,0.0,0
352,1.0,0
353,0.0,0
354,0.0,0
355,0.0,0
356,1.0,1
357,0.0,0
358,0.0,0
359,0.0,0
360,1.0,0
361,1.0,1
362,0.0,0
363,1.0,1
364,0.0,0
365,1.0,1
366,1.0,1
367,0.0,1
368,1.0,1
369,1.0,1
370,1.0,1
371,0.0,0
372,1.0,1
373,0.0,0
374,1.0,1
375,0.0,0
376,0.0,1
377,0.0,0
378,0.0,0
379,0.0,0
380,1.0,1
381,0.0,1
382,0.0,0
383,1.0,1
384,1.0,1
385,1.0,1
386,0.0,0
387,0.0,0
388,1.0,1
389,1.0,1
390,1.0,0
391,1.0,1
392,1.0,0
393,1.0,1
394,0.0,0
395,1.0,1
396,0.0,0
397,0.0,0
398,0.0,0
399,0.0,0
400,1.0,1
401,0.0,0
402,0.0,0
403,0.0,0
404,1.0,1
405,0.0,0
406,0.0,0
407,0.0,0
408,1.0,1
409,0.0,0
410,1.0,0
411,0.0,0
412,1.0,1
413,1.0,1
414,1.0,1
415,1.0,1
416,1.0,1
417,0.0,0
418,0.0,0
419,1.0,1
420,1.0,1
421,0.0,0
422,0.0,0
423,0.0,0
424,1.0,1
425,1.0,1
426,1.0,1
427,1.0,1
428,1.0,1
429,0.0,0
430,0.0,0
431,1.0,1
432,1.0,0
433,1.0,1
434,1.0,1
435,1.0,1
436,0.0,0
437,1.0,1
438,1.0,1
439,0.0,0
440,0.0,1
441,0.0,1
442,0.0,0
443,1.0,0
444,1.0,1
445,1.0,0
446,0.0,0
447,1.0,1
448,1.0,1
449,0.0,0
450,0.0,1
451,0.0,0
452,1.0,0
453,1.0,1
454,1.0,1
455,0.0,0
456,0.0,0
457,0.0,0
458,0.0,1
459,1.0,1
460,1.0,1
461,0.0,0
462,0.0,0
463,1.0,1
464,0.0,0
465,1.0,1
466,1.0,0
467,0.0,0
468,1.0,0
469,1.0,1
470,0.0,0
471,1.0,1
472,0.0,0
473,1.0,1
474,0.0,0
475,1.0,1
476,0.0,0
477,0.0,0
478,1.0,1
479,1.0,1
480,1.0,1
481,0.0,0
482,0.0,0
483,1.0,1
484,0.0,0
485,1.0,1
486,1.0,1
487,0.0,0
488,0.0,0
489,0.0,0
490,0.0,0
491,0.0,0
492,0.0,0
493,1.0,1
494,1.0,0
495,0.0,0
496,0.0,0
497,0.0,0
498,1.0,1
499,0.0,0
500,1.0,1
501,0.0,0
502,1.0,1
503,0.0,0
504,0.0,0
505,1.0,1
506,0.0,0
507,0.0,1
508,1.0,1
509,1.0,1
510,1.0,1
511,1.0,1
512,0.0,0
513,0.0,0
514,0.0,0
515,1.0,1
516,1.0,1
517,1.0,0
518,0.0,0
519,0.0,0
520,1.0,1
521,0.0,0
522,0.0,0
523,1.0,0
524,1.0,1
525,0.0,0
526,0.0,0
527,0.0,0
528,0.0,1
529,0.0,1
530,1.0,0
531,1.0,0
532,0.0,0
533,0.0,0
534,1.0,1
535,0.0,0
536,0.0,0
537,1.0,1
538,0.0,0
539,0.0,0
540,1.0,1
541,1.0,1
542,0.0,0
543,0.0,0
544,1.0,1
545,0.0,1
546,0.0,0
547,1.0,1
548,0.0,1
549,1.0,1
550,1.0,1
551,0.0,0
552,0.0,0
553,0.0,0
554,1.0,1
555,1.0,1
556,0.0,1
557,1.0,1
558,1.0,1
559,0.0,0
560,0.0,0
561,1.0,1
562,1.0,1
563,1.0,1
564,0.0,0
565,1.0,1
566,1.0,1
567,0.0,0
568,0.0,0
569,1.0,1
570,1.0,1
571,0.0,0
572,0.0,0
573,0.0,0
574,1.0,1
575,0.0,0
576,1.0,1
577,0.0,0
578,1.0,1
579,0.0,0
580,1.0,0
581,0.0,0
582,1.0,0
583,0.0,0
584,1.0,1
585,1.0,1
586,1.0,1
587,0.0,0
588,0.0,1
589,0.0,0
590,1.0,1
591,1.0,1
592,1.0,1
593,1.0,0
594,1.0,1
595,0.0,0
596,1.0,1
597,1.0,1
598,1.0,1
599,0.0,1
600,1.0,1
601,1.0,1
602,0.0,0
603,0.0,1
604,1.0,1
605,1.0,0
606,0.0,0
607,1.0,1
608,0.0,0
609,0.0,1
610,1.0,1
611,0.0,0
612,0.0,0
613,1.0,1
614,1.0,1
615,1.0,1
616,0.0,0
617,0.0,0
618,1.0,1
619,1.0,1
620,1.0,1
621,0.0,0
622,1.0,1
623,0.0,0
624,1.0,1
625,0.0,1
626,1.0,1
627,1.0,1
628,1.0,1
629,1.0,1
630,0.0,0
631,1.0,1
632,0.0,0
633,1.0,1
634,0.0,0
635,1.0,0
636,0.0,1
637,1.0,1
638,0.0,0
639,0.0,1
640,1.0,1
641,1.0,1
642,1.0,1
643,1.0,1
644,0.0,0
645,0.0,0
646,1.0,1
647,1.0,1
648,1.0,1
649,1.0,1
650,1.0,1
651,0.0,0
652,0.0,0
653,1.0,1
654,1.0,1
655,0.0,0
656,1.0,1
657,1.0,1
658,1.0,1
659,1.0,1
660,1.0,1
661,1.0,1
662,0.0,1
663,0.0,0
664,0.0,0
665,1.0,1
666,0.0,0
667,1.0,1
668,1.0,1
669,0.0,1
670,0.0,0
671,1.0,1
672,1.0,1
673,0.0,0
674,0.0,0
675,0.0,0
676,0.0,0
677,0.0,0
678,0.0,0
679,0.0,0
680,1.0,1
681,0.0,0
682,1.0,1
683,1.0,1
684,0.0,0
685,0.0,0
686,1.0,1
687,0.0,0
688,1.0,1
689,1.0,1
690,0.0,0
691,1.0,1
692,1.0,1
693,0.0,0
694,1.0,1
695,0.0,0
696,1.0,1
697,0.0,0
698,0.0,0
699,1.0,1
700,0.0,0
701,0.0,0
702,1.0,1
703,0.0,0
704,1.0,1
705,1.0,1
706,0.0,0
707,1.0,1
708,1.0,1
709,1.0,1
710,0.0,0
711,1.0,1
712,0.0,0
713,1.0,1
714,1.0,1
715,0.0,0
716,1.0,0
717,1.0,0
718,0.0,0
719,1.0,0
720,0.0,0
721,0.0,0
722,1.0,1
723,0.0,1
724,1.0,1
725,1.0,1
726,1.0,1
727,1.0,1
728,1.0,1
729,0.0,0
730,0.0,0
731,0.0,0
732,0.0,0
733,1.0,0
734,1.0,0
735,1.0,1
736,1.0,1
737,0.0,0
738,0.0,0
739,0.0,0
740,0.0,0
741,0.0,0
742,0.0,0
743,1.0,1
744,0.0,0
745,1.0,1
746,1.0,1
747,1.0,1
748,1.0,0
749,1.0,1
750,0.0,0
751,1.0,1
752,0.0,0
753,1.0,1
754,1.0,1
755,1.0,1
756,0.0,0
757,1.0,1
758,0.0,0
759,0.0,0
760,0.0,0
761,1.0,1
762,0.0,0
763,1.0,1
764,0.0,0
765,1.0,1
766,1.0,1
767,0.0,0
768,1.0,1
769,1.0,1
770,0.0,0
771,0.0,0
772,1.0,1
773,1.0,1
774,0.0,0
775,1.0,1
776,0.0,0
777,1.0,1
778,0.0,0
779,0.0,0
780,1.0,1
781,0.0,0
782,0.0,0
783,1.0,1
784,0.0,0
785,0.0,0
786,1.0,0
787,0.0,0
788,0.0,0
789,1.0,1
790,1.0,0
791,0.0,1
792,0.0,0
793,0.0,0
794,1.0,0
795,1.0,1
796,0.0,0
797,0.0,0
798,0.0,0
799,0.0,0
800,1.0,1
801,0.0,0
802,0.0,0
803,0.0,0
804,0.0,0
805,0.0,0
806,1.0,1
807,0.0,0
808,0.0,0
809,0.0,0
810,1.0,1
811,1.0,1
812,0.0,0
813,0.0,1
814,0.0,1
815,1.0,1
816,0.0,0
817,0.0,0
818,1.0,1
819,0.0,0
820,1.0,1
821,1.0,1
822,0.0,0
823,1.0,1
824,1.0,1
825,1.0,1
826,0.0,0
827,1.0,1
828,0.0,0
829,1.0,1
830,1.0,1
831,0.0,0
832,0.0,0
833,1.0,0
834,1.0,1
835,0.0,0
836,0.0,0
837,0.0,1
838,1.0,1
839,1.0,1
840,0.0,1
841,0.0,0
842,0.0,0
843,1.0,1
844,0.0,0
845,1.0,1
846,0.0,0
847,1.0,1
848,1.0,1
849,1.0,1
850,0.0,1
851,0.0,0
852,1.0,1
853,0.0,0
854,0.0,1
855,1.0,1
856,1.0,1
857,1.0,0
858,0.0,0
859,1.0,1
860,1.0,1
861,0.0,0
862,0.0,1
863,1.0,1
864,0.0,0
865,1.0,1
866,1.0,1
867,0.0,0
868,0.0,0
869,0.0,0
870,1.0,1
871,1.0,1
872,0.0,0
873,1.0,0
874,1.0,1
875,1.0,1
876,1.0,1
877,0.0,1
878,0.0,0
879,0.0,0
880,1.0,1
881,0.0,0
882,0.0,0
883,0.0,0
884,0.0,0
885,1.0,1
886,0.0,1
887,1.0,1
888,0.0,0
889,0.0,0
890,0.0,0
891,0.0,0
892,1.0,1
893,0.0,0
894,0.0,0
895,1.0,1
896,0.0,0
897,0.0,0
898,1.0,1
899,1.0,1
900,1.0,1
901,1.0,1
902,0.0,1
903,0.0,0
904,1.0,1
905,0.0,0
906,0.0,0
907,0.0,0
908,1.0,0
909,0.0,0
910,1.0,1
911,1.0,1
912,0.0,1
913,1.0,1
914,0.0,0
915,0.0,0
916,0.0,0
917,0.0,0
918,0.0,0
919,0.0,0
920,0.0,0
921,0.0,0
922,0.0,1
923,0.0,0
924,1.0,1
925,1.0,1
926,0.0,0
927,1.0,1
928,0.0,0
929,0.0,0
930,0.0,0
931,1.0,1
932,0.0,0
933,1.0,1
934,0.0,1
935,0.0,0
936,1.0,1
937,0.0,0
938,0.0,0
939,0.0,0
940,0.0,0
941,1.0,1
942,0.0,0
943,0.0,0
944,0.0,0
945,1.0,1
946,1.0,1
947,0.0,0
948,1.0,1
949,1.0,1
950,1.0,1
951,0.0,0
952,1.0,1
953,0.0,0
954,0.0,0
955,1.0,1
956,0.0,0
957,0.0,0
958,1.0,1
959,1.0,1
960,0.0,0
961,1.0,1
962,1.0,1
963,1.0,1
964,1.0,0
965,0.0,0
966,0.0,0
967,0.0,0
968,0.0,0
969,0.0,1
970,1.0,1
971,1.0,1
972,0.0,0
973,1.0,1
974,0.0,0
975,1.0,1
976,1.0,1
977,1.0,1
978,1.0,1
979,0.0,0
980,1.0,1
981,1.0,0
982,1.0,1
983,0.0,0
984,0.0,0
985,1.0,0
986,1.0,1
987,0.0,0
988,0.0,0
989,0.0,1
990,1.0,0
991,0.0,0
992,0.0,0
993,0.0,1
994,1.0,1
995,0.0,0
996,1.0,1
997,1.0,1
998,1.0,1
999,0.0,0
1000,0.0,0
1001,1.0,1
1002,1.0,0
1003,1.0,1
1004,0.0,1
1005,1.0,0
1006,0.0,0
1007,1.0,1
1008,1.0,1
1009,0.0,0
1010,1.0,1
1011,1.0,1
1012,0.0,0
1013,1.0,1
1014,0.0,0
1015,1.0,1
1016,0.0,0
1017,1.0,1
1018,0.0,0
1019,0.0,0
1020,0.0,0
1021,0.0,0
1022,0.0,0
1023,0.0,1
1024,1.0,1
1025,1.0,1
1026,0.0,0
1027,0.0,0
1028,1.0,1
1029,0.0,1
1030,1.0,1
1031,0.0,0
1032,1.0,1
1033,0.0,0
1034,0.0,0
1035,0.0,0
1036,0.0,0
1037,1.0,1
1038,0.0,0
1039,1.0,0
1040,1.0,1
1041,0.0,1
1042,1.0,1
1043,0.0,0
1044,0.0,0
1045,0.0,0
1046,0.0,0
1047,0.0,0
1048,1.0,1
1049,0.0,0
1050,1.0,1
1051,1.0,1
1052,0.0,0
1053,1.0,1
1054,0.0,1
1055,0.0,0
1056,0.0,0
1057,0.0,0
1058,0.0,0
1059,0.0,1
1060,0.0,0
1061,0.0,0
1062,0.0,0
1063,0.0,0
1064,1.0,1
1065,1.0,1
1066,0.0,0
1067,1.0,1
1068,1.0,1
1069,1.0,1
1070,0.0,0
1071,0.0,0
1072,1.0,1
1073,0.0,1
1074,1.0,1
1075,0.0,0
1076,1.0,1
1077,0.0,0
1078,1.0,0
1079,1.0,1
1080,1.0,1
1081,0.0,0
1082,1.0,1
1083,1.0,1
1084,0.0,0
1085,0.0,0
1086,0.0,0
1087,0.0,1
1088,1.0,0
1089,1.0,1
1090,0.0,0
1091,0.0,0
1092,1.0,1
1093,1.0,1
1094,1.0,1
1095,1.0,1
1096,1.0,1
1097,1.0,1
1098,1.0,1
1099,1.0,1
1100,1.0,1
1101,1.0,1
1102,1.0,0
1103,1.0,0
1104,0.0,0
1105,1.0,1
1106,0.0,0
1107,0.0,0
1108,0.0,0
1109,0.0,0
1110,0.0,0
1111,0.0,0
1112,1.0,1
1113,1.0,1
1114,1.0,1
1115,1.0,1
1116,1.0,1
1117,1.0,1
1118,1.0,0
1119,1.0,1
1120,0.0,0
1121,0.0,0
1122,1.0,1
1123,0.0,0
1124,0.0,0
1125,0.0,1
1126,1.0,1
1127,0.0,0
1128,0.0,0
1129,1.0,1
1130,0.0,0
1131,0.0,0
1132,0.0,0
1133,0.0,0
1134,1.0,1
1135,1.0,1
1136,1.0,1
1137,0.0,0
1138,1.0,1
1139,0.0,0
1140,0.0,0
1141,1.0,1
1142,1.0,1
1143,1.0,1
1144,0.0,0
1145,1.0,1
1146,0.0,0
1147,1.0,0
1148,1.0,1
1149,1.0,1
1150,1.0,1
1151,0.0,0
1152,1.0,1
1153,0.0,0
1154,0.0,0
1155,1.0,1
1156,1.0,0
1157,1.0,1
1158,0.0,0
1159,0.0,0
1160,1.0,1
1161,0.0,0
1162,1.0,1
1163,0.0,0
1164,1.0,1
1165,0.0,0
1166,0.0,0
1167,1.0,1
1168,1.0,1
1169,0.0,0
1170,1.0,1
1171,1.0,1
1172,0.0,0
1173,0.0,0
1174,1.0,1
1175,1.0,1
1176,1.0,1
1177,0.0,0
1178,0.0,0
1179,0.0,0
1180,0.0,0
1181,0.0,0
1182,1.0,1
1183,0.0,0
1184,1.0,1
1185,0.0,0
1186,0.0,0
1187,0.0,0
1188,1.0,1
1189,0.0,0
1190,1.0,0
1191,0.0,0
1192,0.0,0
1193,0.0,0
1194,1.0,1
1195,0.0,0
1196,0.0,0
1197,1.0,1
1198,1.0,1
1199,1.0,1
1200,0.0,0
1201,0.0,0
1202,1.0,1
1203,1.0,1
1204,1.0,1
1205,0.0,0
1206,1.0,1
1207,0.0,0
1208,1.0,1
1209,0.0,0
1210,0.0,0
1211,1.0,1
1212,0.0,0
1213,0.0,0
1214,1.0,1
1215,0.0,0
1216,0.0,0
1217,1.0,1
1218,0.0,0
1219,0.0,0
1220,0.0,0
1221,0.0,0
1222,0.0,0
1223,0.0,0
1224,1.0,1
1225,0.0,0
1226,0.0,0
1227,0.0,0
1228,1.0,0
1229,1.0,1
1230,0.0,0
1231,0.0,0
1232,0.0,0
1233,1.0,1
1234,0.0,1
1235,0.0,0
1236,0.0,0
1237,0.0,0
1238,0.0,0
1239,0.0,0
1240,0.0,0
1241,0.0,0
1242,0.0,0
1243,1.0,1
1244,1.0,1
1245,1.0,1
1246,1.0,1
1247,0.0,0
1248,0.0,1
1249,0.0,0
1250,1.0,1
1251,0.0,0
1252,1.0,1
1253,1.0,1
1254,0.0,0
1255,1.0,1
1256,1.0,1
1257,0.0,0
1258,0.0,0
1259,1.0,1
1260,1.0,1
1261,1.0,1
1262,1.0,0
1263,1.0,1
1264,1.0,1
1265,1.0,1
1266,1.0,1
1267,1.0,1
1268,0.0,0
1269,0.0,0
1270,0.0,0
1271,0.0,1
1272,0.0,0
1273,1.0,1
1274,1.0,1
1275,0.0,0
1276,0.0,0
1277,1.0,1
1278,0.0,0
1279,0.0,0
1280,0.0,0
1281,0.0,0
1282,0.0,0
1283,1.0,1
1284,1.0,0
1285,1.0,1
1286,1.0,1
1287,1.0,1
1288,0.0,0
1289,0.0,0
1290,0.0,0
1291,1.0,1
1292,0.0,0
1293,1.0,1
1294,0.0,0
1295,0.0,1
1296,1.0,1
1297,0.0,0
1298,0.0,0
1299,1.0,0
1300,1.0,1
1301,0.0,0
1302,0.0,0
1303,0.0,0
1304,1.0,1
1305,0.0,1
1306,0.0,0
1307,1.0,1
1308,0.0,0
1309,1.0,1
1310,1.0,1
1311,0.0,0
1312,0.0,0
1313,1.0,0
1314,1.0,0
1315,0.0,0
1316,0.0,0
1317,1.0,1
1318,0.0,0
1319,1.0,0
1320,0.0,0
1321,1.0,1
1322,1.0,1
1323,0.0,0
1324,1.0,1
1325,0.0,0
1326,0.0,1
1327,1.0,1
1328,0.0,0
1329,1.0,0
1330,1.0,1
1331,0.0,0
1332,1.0,1
1333,1.0,1
1334,1.0,1
1335,1.0,1
1336,1.0,1
1337,0.0,0
1338,0.0,0
1339,0.0,0
1340,1.0,1
1341,0.0,0
1342,1.0,1
1343,0.0,0
1344,0.0,0
1345,0.0,0
1346,1.0,1
1347,1.0,0
1348,1.0,1
1349,0.0,0
1350,1.0,0
1351,0.0,0
1352,1.0,1
1353,1.0,1
1354,1.0,1
1355,1.0,1
1356,0.0,0
1357,0.0,0
1358,0.0,0
1359,1.0,1
1360,1.0,1
1361,1.0,1
1362,0.0,0
1363,1.0,1
1364,1.0,1
1365,0.0,0
1366,0.0,0
1367,0.0,0
1368,0.0,0
1369,1.0,1
1370,0.0,0
1371,1.0,1
1372,1.0,1
1373,1.0,0
1374,0.0,1
1375,1.0,1
1376,1.0,1
1377,0.0,1
1378,1.0,0
1379,0.0,0
1380,0.0,0
1381,0.0,0
1382,0.0,0
1383,0.0,0
1384,1.0,1
1385,1.0,0
1386,1.0,1
1387,0.0,0
1388,0.0,0
1389,1.0,1
1390,0.0,0
1391,0.0,0
1392,1.0,1
1393,0.0,0
1394,1.0,1
1395,0.0,0
1396,1.0,1
1397,0.0,0
1398,0.0,0
1399,0.0,0
1400,0.0,0
1401,0.0,0
1402,1.0,1
1403,0.0,1
1404,0.0,0
1405,0.0,1
1406,0.0,0
1407,0.0,0
1408,1.0,1
1409,1.0,1
1410,1.0,1
1411,0.0,0
1412,0.0,0
1413,0.0,0
1414,1.0,1
1415,1.0,0
1416,1.0,1
1417,1.0,0
1418,1.0,1
1419,1.0,1
1420,1.0,1
1421,0.0,0
1422,0.0,0
1423,0.0,0
1424,0.0,0
1425,1.0,0
1426,1.0,1
1427,1.0,1
1428,1.0,1
1429,1.0,1
1430,1.0,1
1431,0.0,0
1432,1.0,1
1433,0.0,0
1434,0.0,0
1435,0.0,1
1436,0.0,0
1437,0.0,0
1438,1.0,0
1439,1.0,1
1440,0.0,0
1441,1.0,1
1442,1.0,1
1443,0.0,0
1444,1.0,1
1445,1.0,1
1446,1.0,1
1447,0.0,1
1448,1.0,1
1449,0.0,0
1450,0.0,0
1451,0.0,1
1452,0.0,0
1453,0.0,0
1454,1.0,1
1455,1.0,1
1456,0.0,0
1457,1.0,1
1458,0.0,0
1459,0.0,0
1460,1.0,1
1461,1.0,1
1462,0.0,0
1463,1.0,1
1464,1.0,1
1465,0.0,0
1466,0.0,0
1467,0.0,0
1468,1.0,1
1469,1.0,1
1470,0.0,0
1471,1.0,1
1472,0.0,1
1473,0.0,0
1474,1.0,0
1475,0.0,0
1476,0.0,0
1477,1.0,1
1478,0.0,0
1479,1.0,1
1480,0.0,0
1481,0.0,0
1482,0.0,0
1483,1.0,1
1484,0.0,0
1485,1.0,1
1486,0.0,0
1487,1.0,1
1488,1.0,1
1489,1.0,1
1490,1.0,1
1491,0.0,0
1492,1.0,1
1493,0.0,0
1494,0.0,0
1495,0.0,0
1496,1.0,1
1497,1.0,0
1498,0.0,0
1499,0.0,0
1500,0.0,0
1501,1.0,1
1502,0.0,0
1503,0.0,0
1504,1.0,1
1505,0.0,0
1506,0.0,0
1507,1.0,1
1508,0.0,0
1509,1.0,0
1510,0.0,0
1511,1.0,1
1512,1.0,1
1513,0.0,0
1514,1.0,1
1515,0.0,1
1516,1.0,1
1517,0.0,0
1518,0.0,0
1519,0.0,0
1520,1.0,1
1521,1.0,1
1522,0.0,0
1523,0.0,0
1524,1.0,1
1525,0.0,0
1526,1.0,0
1527,0.0,0
1528,0.0,0
1529,1.0,1
1530,1.0,1
1531,1.0,1
1532,0.0,0
1533,0.0,0
1534,1.0,1
1535,1.0,1
1536,0.0,1
1537,1.0,1
1538,1.0,0
1539,1.0,1
1540,0.0,0
1541,1.0,1
1542,0.0,0
1543,1.0,1
1544,1.0,1
1545,1.0,1
1546,0.0,0
1547,0.0,0
1548,0.0,0
1549,1.0,0
1550,0.0,0
1551,0.0,0
1552,0.0,1
1553,1.0,1
1554,0.0,0
1555,1.0,0
1556,1.0,0
1557,1.0,1
1558,0.0,0
1559,0.0,0
1560,0.0,0
1561,1.0,1
1562,0.0,1
1563,0.0,0
1564,0.0,0
1565,1.0,1
1566,1.0,1
1567,0.0,0
1568,0.0,0
1569,0.0,0
1570,0.0,0
1571,0.0,0
1572,1.0,0
1573,1.0,1
1574,0.0,0
1575,1.0,1
1576,0.0,0
1577,1.0,1
1578,1.0,1
1579,1.0,1
1580,0.0,0
1581,1.0,1
1582,1.0,1
1583,1.0,1
1584,1.0,1
1585,1.0,1
1586,0.0,0
1587,1.0,1
1588,1.0,0
1589,0.0,0
1590,1.0,1
1591,0.0,0
1592,1.0,1
1593,1.0,1
1594,0.0,0
1595,1.0,1
1596,1.0,1
1597,0.0,0
1598,1.0,1
1599,1.0,1
1600,0.0,0
1601,1.0,1
1602,1.0,1
1603,0.0,0
1604,1.0,1
1605,1.0,1
1606,0.0,0
1607,1.0,1
1608,0.0,0
1609,1.0,1
1610,1.0,1
1611,1.0,1
1612,0.0,0
1613,0.0,0
1614,1.0,1
1615,1.0,1
1616,1.0,1
1617,1.0,1
1618,0.0,0
1619,0.0,0
1620,1.0,1
1621,0.0,0
1622,0.0,0
1623,1.0,1
1624,1.0,1
1625,1.0,1
1626,0.0,0
1627,1.0,1
1628,1.0,1
1629,0.0,0
1630,1.0,1
1631,1.0,1
1632,0.0,0
1633,1.0,1
1634,1.0,1
1635,1.0,1
1636,1.0,1
1637,1.0,1
1638,0.0,0
1639,0.0,0
1640,0.0,0
1641,0.0,0
1642,1.0,1
1643,1.0,1
1644,1.0,1
1645,1.0,1
1646,0.0,0
1647,1.0,1
1648,0.0,0
1649,0.0,0
1650,0.0,0
1651,0.0,0
1652,0.0,0
1653,0.0,0
1654,0.0,0
1655,1.0,0
1656,1.0,1
1657,1.0,1
1658,0.0,0
1659,1.0,1
1660,1.0,1
1661,1.0,1
1662,1.0,1
1663,0.0,0
1664,0.0,0
1665,1.0,1
1666,1.0,1
1667,0.0,0
1668,0.0,0
1669,0.0,0
1670,1.0,1
1671,0.0,1
1672,0.0,0
1673,0.0,0
1674,0.0,0
1675,0.0,0
1676,1.0,1
1677,1.0,1
1678,1.0,1
1679,0.0,0
1680,0.0,0
1681,1.0,1
1682,0.0,0
1683,0.0,0
1684,1.0,1
1685,1.0,1
1686,0.0,0
1687,1.0,1
1688,0.0,0
1689,0.0,0
1690,0.0,0
1691,1.0,1
1692,0.0,0
1693,0.0,0
1694,0.0,0
1695,1.0,0
1696,1.0,1
1697,1.0,1
1698,1.0,0
1699,1.0,1
1700,1.0,1
1701,1.0,1
1702,1.0,0
1703,1.0,1
1704,0.0,1
1705,0.0,0
1706,0.0,0
1707,0.0,0
1708,1.0,0
1709,0.0,0
1710,0.0,0
1711,1.0,1
1712,0.0,0
1713,1.0,1
1714,1.0,1
1715,1.0,1
1716,1.0,1
1717,1.0,1
1718,0.0,0
1719,0.0,0
1720,0.0,0
1721,0.0,0
1722,1.0,1
1723,0.0,1
1724,0.0,0
1725,0.0,0
1726,1.0,1
1727,0.0,0
1728,1.0,1
1729,1.0,1
1730,0.0,1
1731,1.0,1
1732,1.0,1
1733,0.0,0
1734,1.0,1
1735,1.0,1
1736,1.0,1
1737,0.0,0
1738,0.0,1
1739,1.0,1
1740,1.0,1
1741,1.0,1
1742,1.0,0
1743,1.0,0
1744,0.0,0
1745,1.0,1
1746,1.0,0
1747,1.0,0
1748,1.0,1
1749,0.0,0
1750,1.0,0
1751,1.0,0
1752,1.0,0
1753,1.0,1
1754,1.0,1
1755,1.0,1
1756,1.0,1
1757,1.0,0
1758,1.0,1
1759,1.0,0
1760,1.0,0
1761,1.0,1
1762,0.0,0
1763,1.0,1
1764,1.0,1
1765,0.0,0
1766,1.0,0
1767,1.0,1
1768,1.0,0
1769,1.0,1
1770,1.0,1
1771,1.0,0
1772,0.0,0
1773,0.0,0
1774,0.0,0
1775,1.0,1
1776,0.0,0
1777,1.0,0
1778,1.0,1
1779,1.0,0
1780,1.0,1
1781,1.0,1
1782,1.0,1
1783,0.0,0
1784,0.0,0
1785,1.0,1
1786,1.0,0
1787,1.0,1
1788,1.0,1
1789,1.0,1
1790,1.0,1
1791,1.0,0
1792,1.0,1
1793,1.0,0
1794,1.0,0
1795,1.0,1
1796,1.0,1
1797,1.0,0
1798,1.0,0
1799,1.0,1
1800,1.0,1
1801,1.0,0
1802,1.0,1
1803,1.0,1
1804,1.0,1
1805,1.0,1
1806,1.0,0
1807,1.0,1
1808,1.0,0
1809,1.0,0
1810,1.0,0
1811,1.0,1
1812,1.0,1
1813,1.0,0
1814,1.0,0
1815,1.0,1
1816,1.0,1
1817,1.0,1
1818,1.0,1
1819,1.0,0
1820,1.0,1
1821,1.0,0
1822,1.0,0
1823,1.0,0
1824,1.0,1
1825,0.0,0
1826,1.0,1
1827,1.0,1
1828,1.0,0
1829,1.0,0
1830,1.0,0
1831,1.0,1
1832,1.0,0
1833,1.0,1
1834,1.0,0
1835,0.0,0
1836,1.0,1
1837,1.0,0
1838,1.0,1
1839,1.0,1
1840,1.0,1
1841,1.0,1
1842,1.0,1
1843,1.0,1
1844,1.0,0
1845,1.0,0
1846,1.0,1
1847,1.0,0
1848,1.0,0
1849,1.0,1
1850,1.0,1
1851,1.0,0
1852,1.0,0
1853,0.0,0
1854,1.0,0
1855,1.0,1
1856,1.0,1
1857,1.0,0
1858,1.0,1
1859,1.0,0
1860,1.0,1
1861,1.0,1
1862,1.0,0
1863,1.0,1
1864,1.0,1
1865,1.0,1
1866,1.0,0
1867,1.0,1
1868,1.0,0
1869,1.0,0
1870,1.0,1
1871,1.0,0
1872,1.0,0
1873,0.0,0
1874,1.0,0
1875,1.0,0
1876,1.0,1
1877,0.0,0
1878,1.0,0
1879,1.0,0
1880,1.0,1
1881,1.0,1
1882,1.0,0
1883,1.0,1
1884,1.0,0
1885,1.0,1
1886,1.0,0
1887,1.0,1
1888,1.0,0
1889,1.0,1
1890,1.0,0
1891,1.0,1
1892,1.0,1
1893,1.0,0
1894,1.0,0
1895,1.0,0
1896,1.0,0
1897,1.0,1
1898,1.0,0
1899,1.0,0
1900,1.0,0
1901,1.0,0
1902,1.0,1
1903,1.0,0
1904,1.0,0
1905,1.0,0
1906,1.0,0
1907,1.0,0
1908,1.0,1
1909,1.0,1
1910,1.0,1
1911,1.0,1
1912,0.0,0
1913,1.0,0
1914,1.0,1
1915,1.0,1
1916,0.0,0
1917,1.0,0
1918,1.0,0
1919,1.0,0
1920,1.0,1
1921,1.0,1
1922,1.0,0
1923,1.0,1
1924,1.0,0
1925,1.0,1
1926,1.0,1
1927,1.0,0
1928,1.0,1
1929,1.0,1
1930,1.0,1
1931,1.0,0
1932,1.0,0
1933,1.0,1
1934,1.0,0
1935,0.0,0
1936,0.0,0
1937,1.0,0
1938,1.0,1
1939,0.0,0
1940,1.0,1
1941,1.0,0
1942,1.0,1
1943,1.0,0
1944,1.0,0
1945,1.0,0
1946,1.0,1
1947,1.0,0
1948,1.0,0
1949,1.0,1
1950,1.0,0
1951,1.0,1
1952,1.0,0
1953,1.0,1
1954,1.0,1
1955,1.0,0
1956,1.0,1
1957,1.0,0
1958,1.0,1
1959,1.0,0
1960,1.0,1
1961,1.0,1
1962,1.0,1
1963,1.0,1
1964,1.0,0
1965,1.0,0
1966,1.0,0
1967,1.0,0
1968,1.0,1
1969,1.0,1
1970,1.0,1
1971,1.0,1
1972,1.0,1
1973,0.0,0
1974,0.0,0
1975,1.0,1
1976,0.0,0
1977,0.0,0
1978,1.0,1
1979,1.0,1
1980,1.0,1
1981,1.0,0
1982,0.0,0
1983,1.0,1
1984,1.0,1
1985,1.0,0
1986,1.0,1
1987,1.0,0
1988,1.0,0
1989,0.0,0
1990,0.0,0
1991,0.0,0
1992,0.0,0
1993,0.0,0
1994,1.0,1
1995,1.0,1
1996,1.0,1
1997,0.0,0
1998,1.0,1
1999,1.0,1
2000,0.0,0
2001,0.0,0
2002,0.0,0
2003,1.0,1
2004,1.0,1
2005,1.0,1
2006,1.0,1
2007,0.0,0
2008,0.0,0
2009,1.0,0
2010,1.0,1
2011,0.0,0
2012,1.0,1
2013,0.0,0
2014,1.0,1
2015,0.0,0
2016,1.0,1
2017,0.0,0
2018,1.0,1
2019,1.0,1
2020,0.0,0
2021,1.0,1
2022,1.0,0
2023,1.0,0
2024,1.0,1
2025,0.0,0
2026,1.0,1
2027,0.0,0
2028,0.0,0
2029,0.0,0
2030,1.0,0
2031,1.0,1
2032,1.0,0
2033,0.0,0
2034,1.0,1
2035,1.0,1
2036,0.0,0
2037,1.0,0
2038,1.0,1
2039,1.0,1
2040,0.0,0
2041,1.0,1
2042,0.0,0
2043,1.0,1
2044,0.0,0
2045,1.0,1
2046,0.0,0
2047,0.0,0
2048,1.0,1
2049,0.0,0
2050,1.0,1
2051,0.0,0
2052,1.0,1
2053,1.0,1
2054,1.0,1
2055,1.0,1
2056,1.0,1
2057,1.0,1
2058,0.0,0
2059,0.0,0
2060,0.0,0
2061,1.0,1
2062,0.0,0
2063,0.0,0
2064,0.0,0
2065,0.0,0
2066,1.0,1
2067,1.0,1
2068,1.0,1
2069,1.0,1
2070,0.0,0
2071,0.0,0
2072,1.0,1
2073,1.0,0
2074,0.0,0
2075,0.0,0
2076,0.0,0
2077,1.0,1
2078,0.0,0
2079,1.0,0
2080,1.0,1
2081,1.0,1
2082,0.0,1
2083,1.0,0
2084,0.0,1
2085,0.0,0
2086,0.0,1
2087,1.0,1
2088,1.0,1
2089,0.0,0
2090,0.0,0
2091,0.0,0
2092,0.0,0
2093,1.0,0
2094,1.0,0
2095,1.0,1
2096,1.0,1
2097,1.0,0
2098,0.0,1
2099,1.0,0
2100,0.0,0
2101,1.0,0
2102,1.0,1
2103,0.0,0
2104,1.0,1
2105,1.0,0
2106,0.0,0
2107,1.0,1
2108,1.0,1
2109,0.0,0
2110,1.0,1
2111,1.0,0
2112,1.0,1
2113,1.0,1
2114,0.0,0
2115,1.0,1
2116,0.0,0
2117,1.0,0
2118,1.0,1
2119,1.0,1
2120,0.0,0
2121,0.0,0
2122,0.0,0
2123,1.0,1
2124,1.0,0
2125,1.0,1
2126,1.0,1
2127,1.0,1
2128,1.0,0
2129,1.0,0
2130,0.0,0
2131,0.0,0
2132,1.0,1
2133,1.0,1
2134,1.0,1
2135,1.0,1
2136,1.0,1
2137,1.0,0
2138,0.0,0
2139,1.0,1
2140,0.0,0
2141,1.0,1
2142,1.0,1
2143,1.0,1
2144,0.0,0
2145,1.0,1
2146,1.0,1
2147,1.0,1
2148,0.0,0
2149,1.0,1
2150,0.0,0
2151,0.0,0
2152,1.0,1
2153,1.0,1
2154,0.0,0
2155,1.0,1
2156,0.0,0
2157,1.0,1
2158,0.0,0
2159,1.0,0
2160,0.0,0
2161,1.0,1
2162,0.0,0
2163,1.0,0
2164,0.0,0
2165,0.0,0
2166,1.0,1
2167,1.0,1
2168,1.0,1
2169,0.0,0
2170,1.0,1
2171,0.0,0
2172,1.0,1
2173,0.0,0
2174,1.0,1
2175,0.0,1
2176,0.0,0
2177,1.0,1
2178,1.0,1
2179,1.0,1
2180,1.0,1
2181,1.0,1
2182,1.0,0
2183,0.0,1
2184,1.0,1
2185,0.0,1
2186,0.0,0
2187,1.0,1
2188,1.0,1
2189,1.0,1
2190,1.0,0
2191,1.0,1
2192,0.0,0
2193,1.0,0
2194,0.0,0
2195,0.0,0
2196,0.0,0
2197,0.0,1
2198,0.0,0
2199,0.0,0
2200,0.0,0
2201,1.0,0
2202,1.0,1
2203,1.0,0
2204,0.0,0
2205,0.0,1
2206,1.0,1
2207,1.0,1
2208,0.0,0
2209,1.0,1
2210,1.0,1
2211,0.0,0
2212,0.0,0
2213,1.0,1
2214,0.0,0
2215,0.0,0
2216,0.0,0
2217,1.0,1
2218,0.0,0
2219,0.0,0
2220,1.0,1
2221,1.0,1
2222,1.0,1
2223,1.0,1
2224,1.0,1
2225,1.0,1
2226,1.0,0
2227,0.0,0
2228,1.0,1
2229,0.0,0
2230,1.0,1
2231,1.0,1
2232,1.0,1
2233,1.0,1
2234,0.0,0
2235,0.0,0
2236,0.0,0
2237,1.0,0
2238,1.0,1
2239,0.0,0
2240,0.0,0
2241,1.0,1
2242,1.0,1
2243,0.0,0
2244,0.0,1
2245,1.0,1
2246,1.0,1
2247,1.0,1
2248,0.0,0
2249,0.0,0
2250,1.0,1
2251,0.0,0
2252,1.0,1
2253,1.0,1
2254,1.0,1
2255,1.0,0
2256,1.0,1
2257,1.0,1
2258,0.0,0
2259,1.0,1
2260,1.0,1
2261,1.0,1
2262,0.0,1
2263,0.0,0
2264,1.0,1
2265,0.0,0
2266,0.0,0
2267,0.0,1
2268,0.0,0
2269,0.0,0
2270,0.0,1
2271,1.0,1
2272,0.0,0
2273,1.0,1
2274,1.0,1
2275,1.0,1
2276,0.0,0
2277,1.0,1
2278,0.0,0
2279,0.0,0
2280,1.0,0
2281,0.0,0
2282,1.0,1
2283,1.0,1
2284,1.0,1
2285,0.0,0
2286,1.0,1
2287,1.0,1
2288,1.0,0
2289,1.0,1
2290,1.0,1
2291,1.0,1
2292,0.0,0
2293,0.0,0
2294,0.0,0
2295,0.0,0
2296,1.0,1
2297,1.0,1
2298,1.0,0
2299,1.0,1
2300,0.0,0
2301,1.0,1
2302,0.0,0
2303,1.0,1
2304,0.0,0
2305,0.0,0
2306,1.0,1
2307,0.0,0
2308,1.0,1
2309,1.0,1
2310,1.0,0
2311,0.0,0
2312,1.0,1
2313,1.0,1
2314,0.0,0
2315,1.0,1
2316,1.0,1
2317,1.0,1
2318,1.0,1
2319,0.0,0
2320,0.0,0
2321,0.0,0
2322,0.0,0
2323,0.0,0
2324,1.0,1
2325,0.0,0
2326,1.0,1
2327,0.0,0
2328,1.0,1
2329,0.0,0
2330,0.0,0
2331,0.0,0
2332,1.0,1
2333,0.0,0
2334,0.0,0
2335,0.0,0
2336,0.0,0
2337,0.0,0
2338,0.0,1
2339,1.0,1
2340,1.0,0
2341,1.0,1
2342,0.0,0
2343,0.0,0
2344,1.0,1
2345,0.0,0
2346,1.0,1
2347,0.0,0
2348,1.0,1
2349,1.0,0
2350,0.0,0
2351,1.0,1
2352,1.0,1
2353,1.0,1
2354,1.0,0
2355,1.0,1
2356,0.0,0
2357,1.0,0
2358,0.0,0
2359,1.0,0
2360,0.0,0
2361,1.0,1
2362,0.0,0
2363,1.0,1
2364,1.0,1
2365,1.0,1
2366,0.0,0
2367,1.0,1
2368,0.0,0
2369,1.0,1
2370,1.0,1
2371,1.0,0
2372,1.0,0
2373,0.0,0
2374,1.0,0
2375,1.0,1
2376,0.0,0
2377,1.0,1
2378,1.0,1
2379,0.0,0
2380,0.0,0
2381,0.0,1
2382,1.0,0
2383,1.0,1
2384,1.0,1
2385,0.0,0
2386,0.0,0
2387,1.0,0
2388,0.0,0
2389,1.0,0
2390,0.0,0
2391,1.0,1
2392,0.0,0
2393,1.0,1
2394,1.0,1
2395,0.0,0
2396,1.0,1
2397,1.0,1
2398,0.0,0
2399,1.0,1
2400,1.0,1
2401,0.0,0
2402,0.0,0
2403,1.0,1
2404,0.0,0
2405,0.0,0
2406,1.0,0
2407,0.0,1
2408,1.0,1
2409,1.0,1
2410,0.0,0
2411,1.0,1
2412,1.0,1
2413,1.0,1
2414,1.0,1
2415,1.0,1
2416,1.0,1
2417,0.0,0
2418,1.0,1
2419,0.0,0
2420,0.0,1
2421,1.0,1
2422,1.0,1
2423,0.0,0
2424,1.0,0
2425,0.0,0
2426,0.0,0
2427,1.0,1
2428,1.0,1
2429,1.0,1
2430,1.0,1
2431,1.0,1
2432,0.0,0
2433,0.0,0
2434,1.0,1
2435,0.0,0
2436,1.0,1
2437,0.0,0
2438,0.0,0
2439,0.0,1
2440,0.0,1
2441,0.0,0
2442,1.0,1
2443,1.0,1
2444,0.0,1
2445,1.0,1
2446,0.0,1
2447,1.0,1
2448,1.0,1
2449,0.0,0
2450,1.0,1
2451,1.0,0
2452,0.0,0
2453,0.0,0
2454,1.0,1
2455,0.0,0
2456,1.0,1
2457,0.0,0
2458,0.0,0
2459,1.0,0
2460,0.0,1
2461,1.0,0
2462,0.0,0
2463,1.0,1
2464,1.0,1
2465,1.0,0
2466,0.0,0
2467,0.0,0
2468,1.0,1
2469,0.0,1
2470,0.0,1
2471,1.0,0
2472,0.0,0
2473,1.0,1
2474,1.0,1
2475,1.0,0
2476,0.0,0
2477,1.0,1
2478,0.0,1
2479,0.0,0
2480,0.0,0
2481,1.0,1
2482,1.0,1
2483,1.0,0
2484,1.0,0
2485,0.0,0
2486,1.0,1
2487,1.0,1
2488,1.0,1
2489,1.0,1
2490,0.0,0
2491,0.0,0
2492,0.0,0
2493,0.0,0
2494,1.0,1
2495,1.0,1
2496,0.0,0
2497,0.0,0
2498,1.0,1
2499,1.0,1
2500,1.0,0
2501,0.0,0
2502,1.0,1
2503,1.0,1
2504,1.0,0
2505,1.0,1
2506,0.0,1
2507,1.0,1
2508,0.0,0
2509,1.0,1
2510,0.0,0
2511,1.0,1
2512,1.0,1
2513,1.0,1
2514,0.0,0
2515,0.0,0
2516,1.0,1
2517,1.0,0
2518,1.0,1
2519,0.0,0
2520,0.0,0
2521,0.0,0
2522,1.0,1
2523,0.0,0
2524,0.0,0
2525,0.0,0
2526,0.0,0
2527,0.0,1
2528,1.0,0
2529,1.0,1
2530,0.0,0
2531,1.0,1
2532,0.0,0
2533,0.0,0
2534,0.0,0
2535,1.0,1
2536,0.0,0
2537,1.0,1
2538,1.0,1
2539,0.0,0
2540,1.0,1
2541,0.0,0
2542,1.0,0
2543,1.0,1
2544,0.0,0
2545,0.0,0
2546,0.0,1
2547,1.0,1
2548,0.0,0
2549,1.0,1
2550,0.0,0
2551,0.0,1
2552,0.0,1
2553,1.0,1
2554,1.0,0
2555,0.0,0
2556,0.0,0
2557,1.0,1
2558,0.0,1
2559,1.0,1
2560,1.0,1
2561,0.0,0
2562,0.0,0
2563,0.0,0
2564,0.0,0
2565,1.0,1
2566,1.0,1
2567,1.0,1
2568,0.0,0
2569,1.0,1
2570,0.0,0
2571,0.0,1
2572,1.0,1
2573,1.0,1
2574,1.0,1
2575,0.0,0
2576,0.0,0
2577,1.0,1
2578,1.0,1
2579,0.0,0
2580,1.0,1
2581,0.0,0
2582,0.0,0
2583,0.0,0
2584,0.0,0
2585,0.0,0
2586,1.0,1
2587,1.0,1
2588,1.0,1
2589,1.0,1
2590,1.0,1
2591,0.0,0
2592,0.0,0
2593,0.0,0
2594,1.0,1
2595,0.0,1
2596,1.0,0
2597,1.0,1
2598,0.0,0
2599,1.0,1
2600,0.0,0
2601,0.0,0
2602,0.0,0
2603,0.0,0
2604,0.0,0
2605,0.0,0
2606,1.0,1
2607,0.0,0
2608,0.0,1
2609,0.0,0
2610,1.0,1
2611,1.0,0
2612,1.0,1
2613,0.0,0
2614,0.0,0
2615,0.0,1
2616,1.0,1
2617,0.0,0
2618,0.0,0
2619,1.0,1
2620,1.0,1
2621,0.0,0
2622,1.0,1
2623,0.0,0
2624,0.0,0
2625,1.0,1
2626,1.0,1
2627,1.0,1
2628,0.0,0
2629,1.0,1
2630,1.0,1
2631,0.0,0
2632,0.0,0
2633,1.0,0
2634,0.0,1
2635,0.0,0
2636,1.0,0
2637,1.0,1
2638,0.0,0
2639,1.0,1
2640,0.0,0
2641,1.0,0
2642,1.0,1
2643,1.0,1
2644,0.0,1
2645,1.0,0
2646,1.0,1
2647,0.0,0
2648,0.0,0
2649,0.0,1
2650,0.0,1
2651,0.0,0
2652,0.0,0
2653,0.0,0
2654,0.0,0
2655,0.0,0
2656,1.0,1
2657,0.0,0
2658,1.0,1
2659,0.0,0
2660,0.0,0
2661,0.0,0
2662,0.0,0
2663,0.0,0
2664,0.0,0
2665,1.0,1
2666,0.0,0
2667,0.0,0
2668,1.0,1
2669,1.0,0
2670,1.0,1
2671,0.0,0
2672,0.0,0
2673,0.0,0
2674,0.0,0
2675,0.0,0
2676,0.0,1
2677,0.0,1
2678,1.0,1
2679,1.0,1
2680,1.0,1
2681,0.0,0
2682,1.0,1
2683,0.0,0
2684,0.0,0
2685,1.0,1
2686,0.0,0
2687,0.0,0
2688,0.0,0
2689,1.0,1
2690,1.0,1
2691,1.0,1
2692,1.0,1
2693,0.0,1
2694,0.0,0
2695,1.0,1
2696,1.0,1
2697,1.0,1
2698,0.0,1
2699,1.0,1
2700,0.0,0
2701,0.0,0
2702,0.0,0
2703,1.0,1
2704,0.0,0
2705,0.0,0
2706,0.0,0
2707,0.0,0
2708,1.0,1
2709,1.0,0
2710,0.0,0
2711,0.0,1
2712,1.0,1
2713,0.0,0
2714,0.0,1
2715,0.0,0
2716,1.0,1
2717,1.0,1
2718,0.0,0
2719,0.0,0
2720,0.0,0
2721,0.0,0
2722,1.0,1
2723,0.0,1
2724,0.0,0
2725,0.0,0
2726,0.0,0
2727,0.0,0
2728,1.0,1
2729,1.0,1
2730,1.0,1
2731,0.0,0
2732,0.0,0
2733,0.0,0
2734,0.0,0
2735,0.0,0
2736,1.0,1
2737,1.0,0
2738,0.0,1
2739,1.0,1
2740,1.0,1
2741,1.0,1
2742,1.0,1
2743,1.0,1
2744,1.0,1
2745,1.0,1
2746,1.0,0
2747,0.0,0
2748,0.0,0
2749,1.0,1
2750,1.0,1
2751,1.0,1
2752,1.0,0
2753,1.0,1
2754,1.0,1
2755,1.0,0
2756,1.0,1
2757,0.0,0
2758,1.0,1
2759,0.0,0
2760,0.0,0
2761,1.0,1
2762,0.0,0
2763,1.0,1
2764,1.0,1
2765,1.0,1
2766,1.0,1
2767,0.0,0
2768,0.0,0
2769,1.0,1
2770,0.0,0
2771,1.0,1
2772,0.0,0
2773,0.0,0
2774,1.0,1
2775,0.0,0
2776,0.0,0
2777,1.0,1
2778,1.0,1
2779,0.0,0
2780,0.0,1
2781,0.0,0
2782,0.0,0
2783,0.0,0
2784,1.0,1
2785,1.0,1
2786,1.0,1
2787,0.0,0
2788,1.0,1
2789,0.0,0
2790,0.0,0
2791,1.0,1
2792,1.0,1
2793,0.0,0
2794,1.0,1
2795,1.0,1
2796,0.0,0
2797,0.0,0
2798,1.0,1
2799,1.0,0
2800,0.0,0
2801,1.0,1
2802,0.0,0
2803,1.0,1
2804,0.0,1
2805,0.0,0
2806,0.0,0
2807,0.0,1
2808,1.0,1
2809,1.0,1
2810,1.0,1
2811,0.0,0
2812,1.0,1
2813,0.0,0
2814,1.0,1
2815,0.0,0
2816,1.0,0
2817,1.0,1
2818,0.0,0
2819,0.0,0
2820,0.0,0
2821,1.0,1
2822,0.0,0
2823,1.0,1
2824,0.0,0
2825,0.0,0
2826,0.0,0
2827,0.0,0
2828,0.0,0
2829,0.0,0
2830,0.0,0
2831,0.0,0
2832,1.0,1
2833,0.0,0
2834,1.0,1
2835,0.0,0
2836,1.0,1
2837,0.0,0
2838,1.0,1
2839,0.0,0
2840,0.0,0
2841,1.0,1
2842,1.0,1
2843,0.0,0
2844,0.0,0
2845,0.0,0
2846,1.0,1
2847,0.0,1
2848,0.0,1
2849,0.0,0
2850,0.0,0
2851,0.0,0
2852,1.0,1
2853,1.0,0
2854,0.0,1
2855,1.0,1
2856,1.0,0
2857,1.0,1
2858,0.0,0
2859,1.0,1
2860,1.0,1
2861,1.0,1
2862,0.0,0
2863,0.0,0
2864,0.0,0
2865,0.0,0
2866,1.0,1
2867,1.0,1
2868,1.0,0
2869,1.0,1
2870,1.0,1
2871,1.0,1
2872,1.0,1
2873,0.0,0
2874,1.0,1
2875,0.0,0
2876,1.0,1
2877,0.0,0
2878,0.0,1
2879,0.0,0
2880,1.0,1
2881,0.0,1
2882,0.0,0
2883,1.0,0
2884,1.0,1
2885,0.0,1
2886,1.0,1
2887,0.0,0
2888,1.0,1
2889,0.0,1
2890,0.0,0
2891,0.0,0
2892,0.0,0
2893,1.0,1
2894,0.0,0
2895,0.0,0
2896,0.0,0
2897,0.0,0
2898,0.0,0
2899,1.0,1
2900,0.0,0
2901,0.0,0
2902,0.0,0
2903,1.0,0
2904,0.0,1
2905,0.0,0
2906,0.0,1
2907,1.0,1
2908,0.0,0
2909,0.0,0
2910,1.0,1
2911,1.0,1
2912,1.0,1
2913,0.0,0
2914,1.0,1
2915,1.0,1
2916,0.0,0
2917,0.0,0
2918,0.0,0
2919,0.0,1
2920,0.0,0
2921,0.0,0
2922,1.0,1
2923,1.0,1
2924,1.0,1
2925,0.0,1
2926,1.0,1
2927,1.0,1
2928,0.0,0
2929,0.0,0
2930,0.0,0
2931,0.0,0
2932,1.0,0
2933,1.0,1
2934,0.0,0
2935,1.0,0
2936,0.0,0
2937,1.0,1
2938,1.0,1
2939,0.0,0
2940,1.0,1
2941,0.0,0
2942,1.0,1
2943,1.0,1
2944,0.0,0
2945,1.0,1
2946,0.0,0
2947,0.0,1
2948,1.0,1
2949,0.0,0
2950,1.0,1
2951,0.0,0
2952,1.0,1
2953,1.0,1
2954,1.0,1
2955,1.0,1
2956,1.0,1
2957,1.0,1
2958,1.0,1
2959,0.0,0
2960,1.0,1
2961,0.0,0
2962,0.0,0
2963,1.0,1
2964,0.0,0
2965,0.0,0
2966,0.0,0
2967,0.0,0
2968,0.0,0
2969,0.0,0
2970,0.0,0
2971,0.0,0
2972,0.0,0
2973,1.0,1
2974,1.0,1
2975,0.0,0
2976,0.0,0
2977,1.0,1
2978,0.0,0
2979,0.0,0
2980,0.0,0
2981,1.0,0
2982,1.0,1
2983,1.0,1
2984,1.0,1
2985,0.0,0
2986,0.0,0
2987,1.0,0
2988,1.0,1
2989,1.0,1
2990,0.0,0
2991,0.0,1
2992,0.0,0
2993,0.0,0
2994,0.0,0
2995,1.0,1
2996,1.0,1
2997,1.0,1
2998,0.0,1
2999,0.0,0
3000,0.0,0
3001,0.0,0
3002,0.0,0
3003,1.0,1
3004,0.0,0
3005,1.0,1
3006,1.0,1
3007,0.0,0
3008,0.0,0
3009,0.0,0
3010,1.0,1
3011,0.0,0
3012,0.0,1
3013,1.0,0
3014,1.0,1
3015,0.0,0
3016,1.0,1
3017,0.0,0
3018,0.0,0
3019,0.0,0
3020,1.0,0
3021,0.0,0
3022,0.0,0
3023,0.0,0
3024,0.0,0
3025,0.0,0
3026,1.0,1
3027,1.0,1
3028,0.0,0
3029,0.0,0
3030,1.0,0
3031,1.0,1
3032,0.0,0
3033,0.0,0
3034,1.0,1
3035,0.0,0
3036,1.0,1
3037,1.0,0
3038,1.0,1
3039,1.0,1
3040,0.0,0
3041,0.0,0
3042,1.0,1
3043,0.0,0
3044,1.0,1
3045,1.0,1
3046,0.0,0
3047,1.0,1
3048,0.0,0
3049,0.0,0
3050,1.0,1
3051,0.0,1
3052,1.0,1
3053,0.0,0
3054,0.0,0
3055,0.0,0
3056,1.0,1
3057,1.0,1
3058,0.0,0
3059,0.0,0
3060,1.0,1
3061,1.0,1
3062,1.0,0
3063,0.0,0
3064,0.0,1
3065,0.0,0
3066,1.0,1
3067,0.0,0
3068,1.0,1
3069,0.0,0
3070,0.0,0
3071,1.0,1
3072,0.0,0
3073,1.0,1
3074,0.0,0
3075,1.0,1
3076,1.0,1
3077,0.0,1
3078,1.0,1
3079,0.0,0
3080,0.0,0
3081,1.0,1
3082,1.0,1
3083,0.0,0
3084,0.0,0
3085,1.0,1
3086,0.0,0
3087,1.0,0
3088,1.0,1
3089,0.0,0
3090,0.0,1
3091,0.0,0
3092,0.0,0
3093,1.0,0
3094,1.0,1
3095,1.0,1
3096,1.0,1
3097,0.0,0
3098,0.0,0
3099,0.0,0
3100,0.0,0
3101,1.0,1
3102,1.0,1
3103,0.0,0
3104,1.0,1
3105,1.0,1
3106,1.0,1
3107,1.0,1
3108,0.0,0
3109,0.0,0
3110,0.0,1
3111,0.0,1
3112,0.0,1
3113,0.0,0
3114,0.0,1
3115,1.0,0
3116,1.0,1
3117,1.0,1
3118,1.0,0
3119,0.0,0
3120,1.0,1
3121,1.0,1
3122,1.0,1
3123,1.0,1
3124,0.0,0
3125,0.0,0
3126,0.0,0
3127,1.0,0
3128,0.0,0
3129,0.0,0
3130,1.0,1
3131,1.0,1
3132,0.0,0
3133,1.0,1
3134,0.0,0
3135,1.0,1
3136,1.0,0
3137,0.0,0
3138,1.0,1
3139,1.0,1
3140,0.0,0
3141,1.0,1
3142,1.0,1
3143,0.0,0
3144,1.0,1
3145,0.0,0
3146,0.0,0
3147,1.0,1
3148,1.0,1
3149,0.0,0
3150,0.0,0
3151,1.0,1
3152,1.0,1
3153,0.0,0
3154,1.0,1
3155,0.0,0
3156,1.0,0
3157,0.0,0
3158,0.0,1
3159,1.0,1
3160,0.0,0
3161,0.0,0
3162,0.0,0
3163,1.0,1
3164,1.0,1
3165,1.0,1
3166,0.0,0
3167,1.0,1
3168,0.0,0
3169,0.0,0
3170,0.0,1
3171,0.0,0
3172,1.0,1
3173,1.0,1
3174,0.0,0
3175,0.0,0
3176,0.0,1
3177,0.0,1
3178,1.0,1
3179,0.0,0
3180,0.0,1
3181,0.0,0
3182,0.0,1
3183,0.0,0
3184,1.0,0
3185,0.0,0
3186,0.0,0
3187,0.0,0
3188,0.0,0
3189,0.0,0
3190,1.0,1
3191,1.0,1
3192,0.0,0
3193,1.0,1
3194,1.0,1
3195,1.0,1
3196,0.0,0
3197,1.0,1
3198,1.0,1
3199,0.0,1
3200,0.0,0
3201,1.0,1
3202,1.0,1
3203,1.0,1
3204,1.0,1
3205,1.0,1
3206,0.0,0
3207,1.0,1
3208,0.0,0
3209,0.0,0
3210,1.0,1
3211,1.0,1
3212,1.0,1
3213,1.0,1
3214,0.0,0
3215,0.0,0
3216,1.0,1
3217,1.0,1
3218,0.0,1
3219,0.0,0
3220,1.0,0
3221,0.0,0
3222,0.0,0
3223,0.0,0
3224,1.0,1
3225,0.0,0
3226,0.0,0
3227,0.0,0
3228,1.0,1
3229,1.0,0
3230,0.0,0
3231,0.0,0
3232,0.0,0
3233,0.0,0
3234,1.0,1
3235,0.0,0
3236,1.0,1
3237,0.0,0
3238,0.0,0
3239,0.0,0
3240,1.0,1
3241,0.0,0
3242,1.0,1
3243,0.0,0
3244,0.0,1
3245,1.0,1
3246,1.0,1
3247,1.0,1
3248,0.0,0
3249,0.0,0
3250,0.0,0
3251,0.0,0
3252,1.0,1
3253,0.0,0
3254,0.0,1
3255,0.0,0
3256,1.0,1
3257,1.0,1
3258,0.0,0
3259,0.0,1
3260,0.0,1
3261,1.0,1
3262,1.0,1
3263,0.0,0
3264,1.0,1
3265,1.0,1
3266,1.0,1
3267,0.0,0
3268,1.0,1
3269,0.0,0
3270,1.0,1
3271,0.0,0
3272,1.0,1
3273,0.0,0
3274,0.0,0
3275,0.0,0
3276,0.0,0
3277,0.0,0
3278,1.0,1
3279,0.0,0
3280,0.0,0
3281,0.0,0
3282,1.0,1
3283,0.0,0
3284,0.0,0
3285,1.0,1
3286,1.0,1
3287,0.0,0
3288,1.0,1
3289,1.0,1
3290,1.0,1
3291,1.0,1
3292,1.0,0
3293,0.0,0
3294,1.0,1
3295,0.0,0
3296,0.0,0
3297,0.0,0
3298,0.0,0
3299,0.0,0
3300,1.0,1
3301,0.0,0
3302,0.0,0
3303,0.0,0
3304,1.0,1
3305,0.0,0
3306,1.0,1
3307,1.0,1
3308,1.0,0
3309,0.0,0
3310,0.0,0
3311,0.0,1
3312,1.0,1
3313,1.0,1
3314,1.0,1
3315,0.0,0
3316,0.0,0
3317,1.0,0
3318,0.0,0
3319,1.0,1
3320,1.0,1
3321,0.0,0
3322,0.0,0
3323,0.0,0
3324,0.0,0
3325,0.0,0
3326,1.0,1
3327,1.0,1
3328,0.0,0
3329,1.0,1
3330,1.0,0
3331,0.0,0
3332,0.0,0
3333,1.0,0
3334,1.0,1
3335,1.0,1
3336,0.0,0
3337,1.0,1
3338,1.0,1
3339,0.0,0
3340,0.0,1
3341,1.0,1
3342,0.0,0
3343,1.0,1
3344,1.0,1
3345,1.0,1
3346,1.0,1
3347,1.0,1
3348,1.0,0
3349,0.0,0
3350,1.0,1
3351,0.0,1
3352,0.0,0
3353,0.0,1
3354,1.0,1
3355,1.0,0
3356,0.0,0
3357,0.0,0
3358,0.0,1
3359,0.0,0
3360,1.0,0
3361,0.0,0
3362,1.0,1
3363,1.0,1
3364,0.0,0
3365,0.0,0
3366,1.0,1
3367,0.0,0
3368,1.0,1
3369,1.0,1
3370,0.0,0
3371,1.0,1
3372,0.0,0
3373,1.0,1
3374,1.0,1
3375,1.0,1
3376,1.0,1
3377,0.0,0
3378,0.0,0
3379,0.0,0
3380,1.0,1
3381,1.0,1
3382,0.0,1
3383,1.0,1
3384,0.0,0
3385,0.0,0
3386,0.0,1
3387,1.0,1
3388,0.0,0
3389,1.0,1
3390,0.0,1
3391,1.0,1
3392,0.0,0
3393,1.0,1
3394,0.0,0
3395,1.0,1
3396,1.0,1
3397,1.0,1
3398,0.0,0
3399,1.0,1
3400,0.0,0
3401,1.0,1
3402,1.0,1
3403,0.0,0
3404,1.0,1
3405,1.0,1
3406,1.0,1
3407,0.0,0
3408,1.0,1
3409,0.0,0
3410,1.0,1
3411,0.0,0
3412,0.0,1
3413,0.0,0
3414,0.0,0
3415,0.0,0
3416,1.0,1
3417,0.0,0
3418,0.0,0
3419,0.0,0
3420,0.0,0
3421,0.0,0
3422,1.0,1
3423,0.0,0
3424,0.0,1
3425,1.0,1
3426,0.0,0
3427,1.0,1
3428,1.0,1
3429,1.0,1
3430,1.0,1
3431,1.0,1
3432,1.0,0
3433,0.0,0
3434,0.0,0
3435,1.0,1
3436,1.0,1
3437,0.0,0
3438,0.0,1
3439,0.0,0
3440,1.0,0
3441,1.0,1
3442,0.0,0
3443,1.0,1
3444,0.0,0
3445,1.0,1
3446,0.0,1
3447,0.0,0
3448,1.0,1
3449,1.0,1
3450,1.0,1
3451,0.0,0
3452,1.0,1
3453,0.0,0
3454,1.0,0
3455,1.0,1
3456,0.0,0
3457,0.0,0
3458,1.0,1
3459,1.0,1
3460,1.0,1
3461,1.0,1
3462,1.0,1
3463,0.0,0
3464,0.0,0
3465,1.0,1
3466,0.0,0
3467,1.0,1
3468,0.0,0
3469,1.0,1
3470,1.0,1
3471,0.0,0
3472,0.0,0
3473,1.0,1
3474,0.0,0
3475,0.0,0
3476,0.0,0
3477,0.0,0
3478,0.0,0
3479,0.0,0
3480,1.0,1
3481,0.0,0
3482,1.0,1
3483,0.0,0
3484,1.0,1
3485,0.0,1
3486,0.0,0
3487,1.0,1
3488,1.0,1
3489,1.0,1
3490,0.0,0
3491,1.0,1
3492,1.0,1
3493,0.0,0
3494,1.0,1
3495,0.0,0
3496,1.0,1
3497,1.0,1
3498,0.0,1
3499,1.0,1
3500,1.0,1
3501,0.0,0
3502,0.0,0
3503,0.0,0
3504,0.0,0
3505,1.0,0
3506,1.0,1
3507,1.0,1
3508,1.0,1
3509,1.0,1
3510,0.0,0
3511,0.0,0
3512,0.0,0
3513,0.0,1
3514,0.0,0
3515,1.0,0
3516,0.0,0
3517,0.0,1
3518,0.0,0
3519,0.0,0
3520,0.0,0
3521,0.0,1
3522,1.0,1
3523,1.0,1
3524,0.0,0
3525,0.0,0
3526,1.0,1
3527,0.0,0
3528,1.0,1
3529,1.0,1
3530,0.0,1
3531,1.0,0
3532,0.0,1
3533,0.0,0
3534,0.0,0
3535,0.0,1
3536,0.0,0
3537,0.0,0
3538,1.0,1
3539,0.0,0
3540,1.0,0
3541,0.0,0
3542,1.0,1
3543,0.0,0
3544,1.0,0
3545,0.0,0
3546,1.0,1
3547,1.0,1
3548,0.0,0
3549,0.0,0
3550,1.0,1
3551,1.0,1
3552,1.0,1
3553,1.0,1
3554,0.0,0
3555,1.0,1
3556,1.0,1
3557,0.0,0
3558,0.0,0
3559,1.0,1
3560,1.0,0
3561,0.0,0
3562,1.0,1
3563,0.0,0
3564,0.0,0
3565,0.0,0
3566,0.0,0
3567,0.0,0
3568,1.0,1
3569,1.0,1
3570,1.0,1
3571,1.0,1
3572,0.0,1
3573,0.0,0
3574,0.0,0
3575,0.0,0
3576,0.0,0
3577,0.0,0
3578,1.0,1
3579,0.0,0
3580,0.0,1
3581,1.0,1
3582,1.0,1
3583,1.0,0
3584,0.0,0
3585,0.0,0
3586,0.0,0
3587,1.0,1
3588,1.0,1
3589,1.0,1
3590,0.0,0
3591,0.0,0
3592,1.0,0
3593,0.0,1
3594,0.0,0
3595,1.0,1
3596,0.0,0
3597,1.0,1
3598,1.0,1
3599,0.0,1
3600,1.0,0
3601,1.0,1
3602,0.0,0
3603,0.0,0
3604,0.0,0
3605,1.0,1
3606,1.0,1
3607,1.0,1
3608,1.0,0
3609,0.0,0
3610,1.0,1
3611,0.0,0
3612,1.0,1
3613,0.0,0
3614,1.0,1
3615,1.0,1
3616,0.0,1
3617,0.0,0
3618,1.0,0
3619,0.0,0
3620,1.0,1
3621,1.0,1
3622,1.0,0
3623,0.0,0
3624,1.0,1
3625,0.0,0
3626,0.0,0
3627,0.0,0
3628,0.0,0
3629,0.0,0
3630,1.0,1
3631,0.0,0
3632,1.0,1
3633,1.0,0
3634,0.0,0
3635,1.0,1
3636,0.0,0
3637,1.0,1
3638,0.0,0
3639,0.0,0
3640,1.0,1
3641,0.0,1
3642,0.0,0
3643,0.0,0
3644,1.0,1
3645,1.0,1
3646,0.0,0
3647,0.0,0
3648,1.0,1
3649,1.0,1
3650,1.0,1
3651,0.0,0
3652,1.0,1
3653,1.0,1
3654,1.0,1
3655,1.0,1
3656,1.0,1
3657,1.0,0
3658,0.0,0
3659,0.0,0
3660,0.0,0
3661,1.0,1
3662,1.0,1
3663,1.0,1
3664,0.0,1
3665,1.0,1
3666,1.0,1
3667,1.0,1
3668,1.0,1
3669,1.0,0
3670,0.0,0
3671,1.0,1
3672,1.0,1
3673,0.0,1
3674,0.0,0
3675,1.0,0
3676,0.0,0
3677,0.0,0
3678,0.0,0
3679,0.0,0
3680,0.0,0
3681,0.0,1
3682,0.0,0
3683,1.0,1
3684,1.0,1
3685,1.0,1
3686,1.0,1
3687,1.0,1
3688,0.0,1
3689,0.0,0
3690,0.0,0
3691,0.0,0
3692,1.0,1
3693,1.0,1
3694,1.0,1
3695,0.0,0
3696,0.0,0
3697,1.0,1
3698,0.0,0
3699,0.0,0
3700,1.0,1
3701,1.0,0
3702,1.0,1
3703,1.0,1
3704,1.0,1
3705,0.0,0
3706,0.0,0
3707,1.0,0
3708,1.0,1
3709,0.0,0
3710,0.0,0
3711,0.0,1
3712,1.0,1
3713,1.0,0
3714,0.0,1
3715,0.0,0
3716,1.0,1
3717,0.0,0
3718,0.0,0
3719,0.0,0
3720,0.0,1
3721,0.0,0
3722,1.0,0
3723,0.0,0
3724,0.0,0
3725,0.0,0
3726,0.0,0
3727,0.0,0
3728,0.0,0
3729,0.0,1
3730,0.0,1
3731,0.0,1
3732,0.0,0
3733,0.0,0
3734,1.0,1
3735,1.0,1
3736,0.0,1
3737,0.0,1
3738,0.0,0
3739,1.0,1
3740,0.0,0
3741,0.0,0
3742,0.0,1
3743,0.0,0
3744,0.0,1
3745,0.0,0
3746,0.0,0
3747,1.0,0
3748,0.0,0
3749,1.0,1
3750,1.0,1
3751,0.0,0
3752,0.0,0
3753,0.0,0
3754,0.0,0
3755,0.0,1
3756,1.0,1
3757,0.0,0
3758,0.0,0
3759,0.0,1
3760,0.0,0
3761,0.0,0
3762,0.0,0
3763,0.0,1
3764,0.0,0
3765,0.0,0
3766,0.0,0
3767,0.0,1
3768,0.0,1
3769,0.0,0
3770,0.0,1
3771,0.0,1
3772,0.0,0
3773,0.0,1
3774,0.0,1
3775,1.0,1
3776,0.0,0
3777,1.0,1
3778,1.0,1
3779,0.0,0
3780,1.0,1
3781,0.0,0
3782,1.0,1
3783,0.0,0
3784,0.0,1
3785,0.0,0
3786,1.0,1
3787,1.0,1
3788,0.0,1
3789,0.0,1
3790,0.0,0
3791,1.0,1
3792,0.0,0
3793,0.0,1
3794,0.0,0
3795,0.0,0
3796,0.0,0
3797,0.0,0
3798,0.0,0
3799,0.0,1
3800,0.0,0
3801,0.0,0
3802,0.0,0
3803,1.0,1
3804,1.0,0
3805,0.0,1
3806,1.0,1
3807,1.0,1
3808,1.0,1
3809,0.0,0
3810,1.0,1
3811,1.0,1
3812,0.0,0
3813,0.0,1
3814,0.0,0
3815,1.0,1
3816,1.0,1
3817,1.0,1
3818,0.0,0
3819,1.0,1
3820,0.0,1
3821,0.0,0
3822,0.0,0
3823,0.0,1
3824,1.0,1
3825,0.0,1
3826,0.0,0
3827,1.0,1
3828,1.0,0
3829,1.0,1
3830,0.0,0
3831,1.0,1
3832,0.0,0
3833,0.0,1
3834,1.0,1
3835,1.0,1
3836,0.0,0
3837,0.0,1
3838,1.0,1
3839,1.0,1
3840,1.0,1
3841,0.0,0
3842,1.0,1
3843,1.0,1
3844,0.0,1
3845,0.0,1
3846,1.0,1
3847,0.0,0
3848,0.0,0
3849,0.0,1
3850,1.0,1
3851,0.0,0
3852,0.0,0
3853,0.0,0
3854,0.0,1
3855,1.0,0
3856,1.0,1
3857,0.0,1
3858,1.0,1
3859,1.0,1
3860,1.0,1
3861,1.0,1
3862,0.0,0
3863,0.0,0
3864,1.0,1
3865,0.0,0
3866,0.0,0
3867,1.0,1
3868,0.0,0
3869,1.0,1
3870,1.0,1
3871,1.0,1
3872,0.0,0
3873,1.0,1
3874,1.0,1
3875,0.0,0
3876,1.0,1
3877,1.0,1
3878,0.0,0
3879,1.0,1
3880,1.0,1
3881,0.0,0
3882,1.0,1
3883,0.0,0
3884,0.0,0
3885,1.0,1
3886,1.0,1
3887,1.0,1
3888,1.0,1
3889,0.0,0
3890,1.0,1
3891,0.0,0
3892,1.0,1
3893,0.0,0
3894,0.0,0
3895,1.0,1
3896,1.0,0
3897,1.0,1
3898,1.0,1
3899,1.0,1
3900,1.0,1
3901,0.0,0
3902,1.0,1
3903,1.0,1
3904,0.0,0
3905,1.0,1
3906,1.0,1
3907,1.0,1
3908,1.0,0
3909,1.0,1
3910,1.0,1
3911,0.0,0
3912,0.0,0
3913,0.0,0
3914,1.0,1
3915,0.0,1
3916,1.0,1
3917,1.0,1
3918,0.0,0
3919,0.0,0
3920,1.0,1
3921,0.0,1
3922,1.0,1
3923,1.0,1
3924,0.0,0
3925,0.0,0
3926,0.0,0
3927,0.0,0
3928,1.0,1
3929,1.0,1
3930,0.0,1
3931,0.0,0
3932,1.0,1
3933,0.0,1
3934,1.0,0
3935,0.0,0
3936,0.0,0
3937,1.0,1
3938,1.0,0
3939,0.0,0
3940,1.0,1
3941,1.0,1
3942,0.0,0
3943,0.0,0
3944,0.0,0
3945,0.0,0
3946,1.0,1
3947,0.0,1
3948,0.0,0
3949,0.0,0
3950,0.0,0
3951,0.0,0
3952,0.0,0
3953,0.0,0
3954,0.0,0
3955,1.0,1
3956,0.0,0
3957,1.0,1
3958,1.0,1
3959,1.0,1
3960,0.0,0
3961,0.0,0
3962,0.0,0
3963,0.0,0
3964,0.0,1
3965,1.0,1
3966,1.0,1
3967,0.0,0
3968,0.0,0
3969,1.0,1
3970,1.0,0
3971,1.0,1
3972,1.0,1
3973,0.0,0
3974,0.0,0
3975,1.0,1
3976,0.0,0
3977,1.0,1
3978,0.0,0
3979,0.0,0
3980,0.0,0
3981,0.0,0
3982,1.0,1
3983,0.0,1
3984,1.0,1
3985,1.0,1
3986,1.0,1
3987,0.0,0
3988,0.0,0
3989,1.0,1
3990,0.0,1
3991,1.0,1
3992,0.0,0
3993,1.0,1
3994,1.0,1
3995,0.0,1
3996,0.0,0
3997,0.0,0
3998,0.0,0
3999,0.0,1
4000,1.0,1
4001,0.0,0
4002,0.0,0
4003,0.0,1
4004,1.0,1
4005,0.0,1
4006,1.0,1
4007,1.0,1
4008,1.0,1
4009,1.0,1
4010,0.0,0
4011,0.0,0
4012,0.0,0
4013,0.0,1
4014,1.0,1
4015,1.0,1
4016,0.0,0
4017,1.0,1
4018,1.0,1
4019,1.0,1
4020,0.0,0
4021,1.0,1
4022,1.0,1
4023,0.0,1
4024,0.0,1
4025,0.0,0
4026,1.0,1
4027,1.0,1
4028,1.0,1
4029,1.0,1
4030,0.0,0
4031,0.0,0
4032,1.0,1
4033,0.0,0
4034,0.0,0
4035,1.0,1
4036,0.0,0
4037,1.0,1
4038,0.0,1
4039,0.0,0
4040,1.0,1
4041,0.0,0
4042,0.0,0
4043,0.0,0
4044,0.0,0
4045,0.0,0
4046,0.0,1
4047,1.0,1
4048,0.0,0
4049,1.0,1
4050,0.0,0
4051,0.0,0
4052,1.0,1
4053,0.0,0
4054,1.0,1
4055,1.0,1
4056,0.0,0
4057,1.0,1
4058,1.0,1
4059,0.0,1
4060,0.0,0
4061,0.0,0
4062,1.0,1
4063,1.0,1
4064,0.0,0
4065,0.0,1
4066,0.0,0
4067,0.0,0
4068,0.0,0
4069,0.0,0
4070,1.0,1
4071,1.0,1
4072,1.0,1
4073,0.0,0
4074,0.0,0
4075,1.0,1
4076,0.0,0
4077,0.0,0
4078,1.0,1
4079,1.0,1
4080,1.0,1
4081,0.0,0
4082,0.0,0
4083,0.0,0
4084,1.0,1
4085,1.0,0
4086,0.0,0
4087,1.0,0
4088,0.0,0
4089,0.0,0
4090,1.0,1
4091,1.0,1
4092,0.0,0
4093,1.0,1
4094,0.0,0
4095,0.0,0
4096,0.0,0
4097,0.0,0
4098,1.0,1
4099,0.0,0
4100,1.0,1
4101,1.0,1
4102,0.0,0
4103,0.0,0
4104,0.0,1
4105,0.0,0
4106,1.0,0
4107,0.0,0
4108,0.0,0
4109,0.0,0
4110,1.0,1
4111,1.0,1
4112,0.0,0
4113,0.0,0
4114,0.0,0
4115,1.0,1
4116,1.0,0
4117,0.0,1
4118,0.0,0
4119,0.0,0
4120,1.0,1
4121,0.0,0
4122,0.0,0
4123,1.0,1
4124,1.0,1
4125,1.0,1
4126,1.0,1
4127,1.0,1
4128,0.0,0
4129,0.0,0
4130,1.0,1
4131,0.0,0
4132,0.0,0
4133,1.0,0
4134,1.0,1
4135,1.0,1
4136,1.0,1
4137,1.0,1
4138,0.0,0
4139,1.0,0
4140,0.0,0
4141,1.0,0
4142,1.0,1
4143,0.0,0
4144,1.0,1
4145,1.0,1
4146,0.0,0
4147,1.0,1
4148,0.0,0
4149,1.0,0
4150,0.0,1
4151,0.0,0
4152,1.0,1
4153,0.0,0
4154,1.0,0
4155,0.0,0
4156,1.0,1
4157,1.0,1
4158,0.0,0
4159,0.0,0
4160,0.0,0
4161,0.0,0
4162,0.0,0
4163,1.0,1
4164,0.0,0
4165,0.0,0
4166,0.0,0
4167,0.0,0
4168,0.0,0
4169,0.0,0
4170,1.0,1
4171,1.0,0
4172,1.0,1
4173,0.0,0
4174,0.0,0
4175,0.0,0
4176,1.0,1
4177,0.0,0
4178,0.0,0
4179,0.0,0
4180,0.0,0
4181,1.0,0
4182,0.0,0
4183,0.0,0
4184,0.0,0
4185,1.0,1
4186,1.0,1
4187,0.0,0
4188,0.0,0
4189,1.0,1
4190,0.0,0
4191,1.0,1
4192,0.0,0
4193,1.0,1
4194,1.0,1
4195,0.0,0
4196,1.0,1
4197,1.0,1
4198,0.0,0
4199,0.0,0
4200,1.0,1
4201,0.0,0
4202,1.0,1
4203,1.0,1
4204,0.0,0
4205,1.0,1
4206,0.0,0
4207,1.0,1
4208,0.0,0
4209,1.0,1
4210,0.0,0
4211,0.0,0
4212,1.0,0
4213,1.0,1
4214,1.0,1
4215,0.0,0
4216,1.0,1
4217,0.0,1
4218,1.0,1
4219,1.0,1
4220,0.0,0
4221,0.0,0
4222,0.0,1
4223,0.0,0
4224,1.0,1
4225,1.0,1
4226,1.0,1
4227,1.0,1
4228,0.0,1
4229,0.0,0
4230,0.0,0
4231,0.0,0
4232,1.0,1
4233,1.0,1
4234,0.0,0
4235,1.0,1
4236,1.0,1
4237,1.0,1
4238,0.0,1
4239,0.0,0
4240,1.0,1
4241,0.0,0
4242,1.0,1
4243,0.0,0
4244,1.0,1
4245,1.0,0
4246,1.0,1
4247,1.0,0
4248,0.0,0
4249,1.0,1
4250,1.0,1
4251,0.0,0
4252,1.0,0
4253,0.0,0
4254,0.0,0
4255,0.0,0
4256,0.0,0
4257,0.0,0
4258,1.0,1
4259,1.0,1
4260,1.0,1
4261,1.0,1
4262,1.0,1
4263,0.0,0
4264,0.0,0
4265,1.0,1
4266,1.0,1
4267,0.0,0
4268,0.0,0
4269,0.0,0
4270,0.0,0
4271,0.0,1
4272,0.0,0
4273,1.0,1
4274,1.0,1
4275,0.0,0
4276,0.0,1
4277,1.0,1
4278,1.0,1
4279,1.0,1
4280,1.0,1
4281,1.0,1
4282,1.0,1
4283,0.0,0
4284,1.0,1
4285,1.0,1
4286,0.0,0
4287,1.0,1
4288,0.0,0
4289,0.0,0
4290,1.0,1
4291,1.0,1
4292,0.0,0
4293,1.0,1
4294,1.0,1
4295,1.0,1
4296,1.0,1
4297,0.0,0
4298,1.0,1
4299,0.0,1
4300,1.0,0
4301,0.0,0
4302,1.0,1
4303,1.0,1
4304,0.0,0
4305,0.0,1
4306,1.0,1
4307,1.0,1
4308,1.0,1
4309,1.0,1
4310,1.0,1
4311,0.0,0
4312,0.0,0
4313,1.0,0
4314,1.0,1
4315,1.0,1
4316,0.0,0
4317,1.0,1
4318,1.0,0
4319,0.0,0
4320,1.0,1
4321,0.0,1
4322,1.0,1
4323,1.0,1
4324,0.0,0
4325,0.0,0
4326,0.0,0
4327,0.0,0
4328,1.0,1
4329,0.0,0
4330,0.0,0
4331,1.0,1
4332,1.0,1
4333,0.0,0
4334,0.0,0
4335,1.0,1
4336,1.0,1
4337,0.0,0
4338,1.0,1
4339,1.0,1
4340,1.0,1
4341,0.0,0
4342,0.0,0
4343,1.0,1
4344,0.0,0
4345,0.0,0
4346,1.0,1
4347,0.0,0
4348,1.0,1
4349,1.0,1
4350,0.0,1
4351,0.0,0
4352,1.0,1
4353,1.0,1
4354,1.0,1
4355,0.0,0
4356,0.0,0
4357,1.0,1
4358,1.0,1
4359,1.0,1
4360,0.0,0
4361,0.0,0
4362,0.0,0
4363,0.0,0
4364,0.0,1
4365,1.0,1
4366,0.0,0
4367,0.0,1
4368,0.0,0
4369,0.0,0
4370,1.0,1
4371,1.0,1
4372,1.0,1
4373,1.0,1
4374,0.0,0
4375,1.0,1
4376,0.0,0
4377,0.0,0
4378,0.0,0
4379,0.0,0
4380,0.0,0
4381,0.0,0
4382,0.0,0
4383,0.0,0
4384,0.0,0
4385,1.0,1
4386,0.0,0
4387,1.0,1
4388,0.0,0
4389,1.0,1
4390,0.0,1
4391,1.0,1
4392,0.0,0
4393,1.0,1
4394,1.0,1
4395,0.0,0
4396,0.0,1
4397,1.0,1
4398,1.0,1
4399,1.0,1
4400,0.0,0
4401,0.0,0
4402,0.0,0
4403,0.0,0
4404,0.0,0
4405,0.0,0
4406,1.0,1
4407,1.0,1
4408,0.0,0
4409,1.0,1
4410,1.0,1
4411,0.0,0
4412,1.0,1
4413,0.0,0
4414,1.0,1
4415,1.0,1
4416,1.0,1
4417,0.0,0
4418,1.0,1
4419,0.0,0
4420,0.0,0
4421,1.0,1
4422,1.0,0
4423,0.0,0
4424,1.0,1
4425,0.0,0
4426,1.0,0
4427,1.0,1
4428,0.0,0
4429,1.0,1
4430,0.0,0
4431,1.0,1
4432,1.0,1
4433,1.0,1
4434,0.0,0
4435,1.0,1
4436,1.0,1
4437,1.0,0
4438,1.0,1
4439,1.0,1
4440,1.0,0
4441,0.0,0
4442,0.0,0
4443,0.0,0
4444,1.0,1
4445,0.0,0
4446,1.0,1
4447,0.0,0
4448,0.0,0
4449,1.0,0
4450,1.0,1
4451,0.0,0
4452,0.0,0
4453,1.0,1
4454,0.0,0
4455,0.0,1
4456,1.0,1
4457,1.0,1
4458,1.0,1
4459,0.0,1
4460,0.0,0
4461,0.0,0
4462,0.0,0
4463,1.0,1
4464,0.0,0
4465,1.0,1
4466,0.0,0
4467,0.0,0
4468,0.0,0
4469,0.0,0
4470,0.0,0
4471,0.0,0
4472,0.0,0
4473,0.0,0
4474,0.0,0
4475,0.0,0
4476,0.0,1
4477,1.0,1
4478,1.0,1
4479,1.0,1
4480,0.0,1
4481,1.0,1
4482,1.0,1
4483,0.0,0
4484,1.0,1
4485,0.0,0
4486,1.0,1
4487,1.0,1
4488,0.0,0
4489,0.0,0
4490,1.0,1
4491,1.0,1
4492,1.0,1
4493,0.0,0
4494,1.0,1
4495,0.0,0
4496,1.0,1
4497,1.0,1
4498,1.0,1
4499,0.0,0
4500,1.0,1
4501,0.0,0
4502,0.0,0
4503,1.0,1
4504,0.0,0
4505,0.0,0
4506,0.0,0
4507,0.0,0
4508,0.0,0
4509,1.0,1
4510,1.0,1
4511,0.0,0
4512,0.0,0
4513,1.0,1
4514,0.0,1
4515,1.0,1
4516,0.0,0
4517,0.0,0
4518,1.0,1
4519,1.0,1
4520,0.0,0
4521,1.0,1
4522,0.0,0
4523,1.0,1
4524,1.0,1
4525,1.0,1
4526,0.0,0
4527,1.0,0
4528,0.0,0
4529,0.0,1
4530,0.0,0
4531,1.0,0
4532,1.0,1
4533,0.0,0
4534,0.0,0
4535,1.0,1
4536,1.0,1
4537,1.0,1
4538,0.0,1
4539,0.0,0
4540,0.0,0
4541,0.0,0
4542,1.0,1
4543,0.0,0
4544,0.0,1
4545,1.0,1
4546,1.0,0
4547,0.0,0
4548,0.0,0
4549,1.0,1
4550,1.0,1
4551,1.0,1
4552,0.0,0
4553,0.0,0
4554,1.0,1
4555,1.0,1
4556,1.0,1
4557,1.0,1
4558,1.0,0
4559,1.0,1
4560,1.0,1
4561,0.0,0
4562,1.0,1
4563,1.0,1
4564,1.0,1
4565,1.0,1
4566,0.0,0
4567,0.0,0
4568,1.0,1
4569,0.0,0
4570,1.0,1
4571,0.0,0
4572,0.0,1
4573,1.0,0
4574,0.0,1
4575,0.0,0
4576,0.0,0
4577,0.0,0
4578,0.0,1
4579,1.0,1
4580,0.0,1
4581,1.0,1
4582,0.0,1
4583,0.0,0
4584,0.0,0
4585,1.0,1
4586,1.0,1
4587,1.0,1
4588,1.0,0
4589,0.0,0
4590,1.0,1
4591,0.0,0
4592,0.0,0
4593,1.0,1
4594,1.0,1
4595,0.0,0
4596,0.0,0
4597,0.0,0
4598,1.0,1
4599,1.0,1
4600,0.0,0
4601,0.0,1
4602,1.0,1
4603,0.0,0
4604,1.0,1
4605,1.0,1
4606,0.0,0
4607,0.0,0
4608,1.0,0
4609,1.0,1
4610,0.0,0
4611,0.0,0
4612,1.0,1
4613,1.0,1
4614,1.0,1
4615,0.0,0
4616,1.0,0
4617,1.0,0
4618,1.0,1
4619,0.0,0
4620,1.0,1
4621,0.0,0
4622,1.0,1
4623,1.0,0
4624,0.0,0
4625,0.0,0
4626,1.0,1
4627,0.0,0
4628,0.0,0
4629,0.0,0
4630,0.0,0
4631,1.0,1
4632,0.0,0
4633,1.0,1
4634,1.0,1
4635,1.0,0
4636,0.0,0
4637,1.0,1
4638,0.0,1
4639,1.0,1
4640,1.0,1
4641,0.0,0
4642,0.0,0
4643,1.0,0
4644,1.0,1
4645,1.0,1
4646,1.0,1
4647,0.0,0
4648,0.0,0
4649,1.0,1
4650,0.0,1
4651,1.0,0
4652,0.0,0
4653,0.0,1
4654,1.0,1
4655,1.0,1
4656,0.0,0
4657,0.0,0
4658,0.0,1
4659,0.0,0
4660,0.0,0
4661,0.0,0
4662,1.0,1
4663,0.0,0
4664,0.0,0
4665,0.0,0
4666,1.0,1
4667,0.0,0
4668,0.0,0
4669,1.0,1
4670,1.0,1
4671,0.0,0
4672,1.0,1
4673,0.0,0
4674,1.0,1
4675,0.0,0
4676,1.0,1
4677,0.0,0
4678,0.0,0
4679,1.0,1
4680,0.0,0
4681,1.0,1
4682,1.0,1
4683,1.0,1
4684,1.0,1
4685,0.0,0
4686,0.0,0
4687,0.0,0
4688,0.0,0
4689,0.0,0
4690,1.0,1
4691,1.0,1
4692,0.0,0
4693,1.0,1
4694,0.0,0
4695,1.0,0
4696,1.0,1
4697,0.0,0
4698,1.0,1
4699,0.0,0
4700,1.0,1
4701,1.0,1
4702,1.0,0
4703,0.0,0
4704,0.0,0
4705,1.0,1
4706,1.0,1
4707,1.0,1
4708,0.0,0
4709,1.0,1
4710,1.0,1
4711,0.0,0
4712,0.0,0
4713,0.0,0
4714,0.0,0
4715,1.0,1
4716,0.0,0
4717,0.0,0
4718,0.0,0
4719,1.0,1
4720,1.0,0
4721,0.0,0
4722,1.0,1
4723,0.0,0
4724,0.0,1
4725,1.0,1
4726,1.0,1
4727,0.0,0
4728,1.0,1
4729,1.0,1
4730,0.0,0
4731,0.0,0
4732,1.0,1
4733,1.0,1
4734,0.0,0
4735,0.0,0
4736,0.0,0
4737,0.0,0
4738,0.0,0
4739,0.0,0
4740,1.0,1
4741,1.0,1
4742,0.0,0
4743,1.0,0
4744,1.0,1
4745,0.0,0
4746,0.0,0
4747,0.0,0
4748,0.0,0
4749,0.0,0
4750,0.0,0
4751,1.0,1
4752,1.0,1
4753,0.0,0
4754,0.0,0
4755,1.0,1
4756,0.0,0
4757,0.0,1
4758,1.0,1
4759,0.0,0
4760,1.0,1
4761,1.0,1
4762,1.0,1
4763,1.0,1
4764,1.0,1
4765,0.0,0
4766,0.0,0
4767,1.0,1
4768,0.0,0
4769,1.0,0
4770,1.0,1
4771,1.0,1
4772,0.0,0
4773,1.0,1
4774,0.0,0
4775,1.0,1
4776,0.0,1
4777,1.0,1
4778,0.0,0
4779,1.0,1
4780,1.0,1
4781,0.0,0
4782,0.0,0
4783,0.0,0
4784,0.0,0
4785,1.0,1
4786,1.0,1
4787,1.0,1
4788,1.0,1
4789,0.0,0
4790,0.0,0
4791,0.0,0
4792,1.0,1
4793,0.0,0
4794,1.0,0
4795,0.0,0
4796,0.0,1
4797,1.0,1
4798,0.0,0
4799,1.0,1
4800,1.0,1
4801,0.0,0
4802,0.0,0
4803,0.0,0
4804,0.0,0
4805,1.0,1
4806,1.0,1
4807,0.0,0
4808,0.0,0
4809,0.0,0
4810,1.0,1
4811,1.0,1
4812,1.0,1
4813,0.0,0
4814,1.0,1
4815,0.0,0
4816,0.0,0
4817,1.0,1
4818,0.0,0
4819,1.0,0
4820,0.0,0
4821,1.0,1
4822,0.0,0
4823,0.0,0
4824,1.0,0
4825,0.0,0
4826,1.0,1
4827,0.0,0
4828,1.0,0
4829,1.0,1
4830,1.0,1
4831,1.0,1
4832,0.0,0
4833,1.0,1
4834,1.0,0
4835,1.0,0
4836,0.0,0
4837,0.0,0
4838,0.0,0
4839,0.0,0
4840,1.0,1
4841,0.0,0
4842,1.0,1
4843,1.0,1
4844,1.0,1
4845,1.0,1
4846,0.0,0
4847,1.0,1
4848,0.0,0
4849,0.0,0
4850,0.0,0
4851,0.0,0
4852,0.0,0
4853,1.0,0
4854,0.0,0
4855,0.0,0
4856,1.0,1
4857,0.0,0
4858,1.0,1
4859,0.0,0
4860,0.0,0
4861,1.0,0
4862,0.0,0
4863,0.0,0
4864,0.0,0
4865,1.0,0
4866,0.0,0
4867,0.0,0
4868,0.0,0
4869,0.0,0
4870,0.0,0
4871,1.0,1
4872,1.0,1
4873,0.0,0
4874,0.0,0
4875,1.0,0
4876,0.0,0
4877,1.0,0
4878,0.0,0
4879,0.0,0
4880,1.0,1
4881,1.0,0
4882,1.0,0
4883,0.0,1
4884,1.0,1
4885,1.0,1
4886,1.0,1
4887,0.0,0
4888,1.0,1
4889,1.0,1
4890,0.0,0
4891,0.0,0
4892,1.0,1
4893,0.0,0
4894,0.0,0
4895,1.0,1
4896,1.0,1
4897,0.0,0
4898,1.0,1
4899,1.0,1
4900,0.0,0
4901,1.0,1
4902,1.0,1
4903,0.0,0
4904,0.0,0
4905,1.0,1
4906,0.0,1
4907,0.0,0
4908,1.0,1
4909,0.0,0
4910,1.0,1
4911,1.0,1
4912,0.0,0
4913,0.0,1
4914,1.0,1
4915,1.0,1
4916,0.0,0
4917,1.0,1
4918,0.0,1
4919,0.0,0
4920,0.0,0
4921,1.0,1
4922,1.0,1
4923,1.0,1
4924,0.0,0
4925,0.0,0
4926,1.0,1
4927,1.0,1
4928,0.0,0
4929,0.0,1
4930,1.0,1
4931,1.0,1
4932,0.0,0
4933,1.0,1
4934,1.0,1
4935,0.0,0
4936,1.0,1
4937,1.0,1
4938,1.0,1
4939,0.0,0
4940,1.0,1
4941,0.0,0
4942,1.0,1
4943,0.0,0
4944,0.0,0
4945,0.0,1
4946,1.0,1
4947,1.0,0
4948,1.0,1
4949,1.0,1
4950,0.0,0
4951,1.0,1
4952,0.0,0
4953,1.0,1
4954,1.0,1
4955,1.0,1
4956,1.0,1
4957,1.0,1
4958,0.0,0
4959,0.0,1
4960,1.0,1
4961,0.0,0
4962,1.0,1
4963,0.0,0
4964,1.0,1
4965,0.0,0
4966,0.0,1
4967,1.0,1
4968,0.0,0
4969,1.0,1
4970,0.0,0
4971,1.0,1
4972,0.0,0
4973,1.0,1
4974,0.0,0
4975,1.0,1
4976,0.0,0
4977,1.0,1
4978,1.0,1
4979,0.0,0
4980,1.0,1
4981,1.0,1
4982,1.0,0
4983,0.0,0
4984,0.0,0
4985,0.0,0
4986,0.0,0
4987,0.0,0
4988,0.0,0
4989,0.0,0
4990,0.0,0
4991,1.0,1
4992,1.0,1
4993,1.0,1
4994,1.0,1
4995,0.0,1
4996,0.0,0
4997,1.0,1
4998,0.0,0
4999,1.0,1
5000,1.0,1
5001,0.0,1
5002,0.0,0
5003,1.0,1
5004,0.0,0
5005,1.0,1
5006,1.0,0
5007,0.0,0
5008,0.0,0
5009,1.0,0
5010,0.0,0
5011,1.0,1
5012,1.0,1
5013,0.0,0
5014,1.0,0
5015,1.0,1
5016,0.0,1
5017,0.0,0
5018,0.0,0
5019,0.0,0
5020,0.0,0
5021,1.0,1
5022,0.0,0
5023,1.0,1
5024,1.0,1
5025,1.0,1
5026,1.0,1
5027,0.0,0
5028,1.0,1
5029,0.0,0
5030,0.0,0
5031,0.0,0
5032,0.0,1
5033,1.0,1
5034,1.0,0
5035,0.0,0
5036,1.0,1
5037,1.0,1
5038,1.0,1
5039,0.0,0
5040,1.0,1
5041,1.0,1
5042,1.0,1
5043,1.0,1
5044,1.0,1
5045,0.0,0
5046,1.0,1
5047,0.0,0
5048,1.0,1
5049,0.0,1
5050,0.0,0
5051,1.0,1
5052,0.0,0
5053,1.0,1
5054,1.0,1
5055,1.0,1
5056,1.0,1
5057,1.0,1
5058,1.0,1
5059,1.0,1
5060,1.0,1
5061,0.0,0
5062,1.0,1
5063,1.0,1
5064,1.0,1
5065,1.0,1
5066,1.0,1
5067,0.0,0
5068,1.0,1
5069,1.0,1
5070,0.0,0
5071,1.0,1
5072,1.0,1
5073,0.0,0
5074,1.0,1
5075,1.0,1
5076,0.0,1
5077,0.0,0
5078,0.0,0
5079,1.0,1
5080,1.0,1
5081,1.0,1
5082,1.0,1
5083,0.0,1
5084,1.0,1
5085,0.0,0
5086,1.0,1
5087,1.0,1
5088,1.0,1
5089,1.0,1
5090,1.0,1
5091,0.0,0
5092,0.0,0
5093,1.0,1
5094,1.0,1
5095,1.0,1
5096,1.0,1
5097,1.0,0
5098,0.0,0
5099,0.0,0
5100,0.0,0
5101,0.0,0
5102,1.0,1
5103,0.0,0
5104,0.0,0
5105,0.0,0
5106,1.0,1
5107,1.0,1
5108,1.0,1
5109,0.0,0
5110,1.0,1
5111,0.0,0
5112,1.0,0
5113,1.0,1
5114,0.0,0
5115,1.0,1
5116,0.0,0
5117,0.0,0
5118,0.0,0
5119,1.0,1
5120,1.0,1
5121,0.0,0
5122,0.0,0
5123,1.0,1
5124,1.0,1
5125,1.0,1
5126,0.0,0
5127,1.0,1
5128,0.0,0
5129,1.0,1
5130,0.0,0
5131,1.0,1
5132,0.0,0
5133,0.0,0
5134,1.0,1
5135,1.0,1
5136,1.0,1
5137,1.0,1
5138,0.0,1
5139,1.0,0
5140,1.0,1
5141,0.0,1
5142,0.0,0
5143,0.0,0
5144,1.0,1
5145,1.0,1
5146,0.0,0
5147,0.0,1
5148,0.0,0
5149,0.0,0
5150,1.0,1
5151,1.0,1
5152,0.0,0
5153,1.0,1
5154,0.0,0
5155,0.0,0
5156,0.0,0
5157,0.0,1
5158,1.0,1
5159,1.0,1
5160,1.0,1
5161,0.0,1
5162,1.0,1
5163,0.0,0
5164,0.0,0
5165,1.0,1
5166,0.0,1
5167,1.0,1
5168,0.0,0
5169,1.0,1
5170,1.0,1
5171,0.0,0
5172,1.0,1
5173,0.0,0
5174,0.0,0
5175,0.0,0
5176,1.0,1
5177,0.0,0
5178,0.0,0
5179,0.0,1
5180,0.0,0
5181,1.0,0
5182,0.0,0
5183,0.0,0
5184,1.0,1
5185,0.0,1
5186,1.0,0
5187,0.0,1
5188,1.0,1
5189,0.0,0
5190,0.0,1
5191,1.0,1
5192,1.0,1
5193,1.0,1
5194,0.0,0
5195,1.0,0
5196,0.0,0
5197,0.0,0
5198,1.0,0
5199,0.0,0
5200,0.0,0
5201,1.0,0
5202,1.0,1
5203,0.0,0
5204,1.0,1
5205,0.0,0
5206,0.0,0
5207,1.0,1
5208,1.0,1
5209,0.0,0
5210,0.0,0
5211,0.0,0
5212,1.0,1
5213,1.0,1
5214,1.0,1
5215,1.0,1
5216,0.0,0
5217,1.0,1
5218,1.0,1
5219,0.0,1
5220,0.0,0
5221,0.0,0
5222,0.0,1
5223,1.0,1
5224,1.0,1
5225,0.0,1
5226,1.0,1
5227,1.0,1
5228,1.0,1
5229,1.0,1
5230,0.0,0
5231,0.0,0
5232,1.0,1
5233,0.0,0
5234,0.0,0
5235,0.0,0
5236,1.0,1
5237,0.0,0
5238,0.0,0
5239,0.0,0
5240,0.0,0
5241,1.0,1
5242,0.0,0
5243,0.0,0
5244,0.0,0
5245,0.0,1
5246,0.0,0
5247,1.0,0
5248,0.0,0
5249,0.0,0
5250,0.0,0
5251,0.0,0
5252,1.0,1
5253,0.0,0
5254,1.0,1
5255,0.0,0
5256,0.0,0
5257,0.0,0
5258,0.0,1
5259,1.0,1
5260,0.0,0
5261,1.0,1
5262,0.0,0
5263,0.0,0
5264,1.0,1
5265,1.0,1
5266,0.0,0
5267,1.0,1
5268,1.0,1
5269,1.0,1
5270,1.0,1
5271,0.0,0
5272,1.0,1
5273,1.0,1
5274,0.0,0
5275,0.0,0
5276,0.0,0
5277,1.0,0
5278,0.0,0
5279,0.0,0
5280,0.0,0
5281,1.0,1
5282,0.0,0
5283,0.0,0
5284,1.0,1
5285,0.0,0
5286,1.0,1
5287,0.0,0
5288,1.0,1
5289,0.0,0
5290,0.0,0
5291,0.0,0
5292,1.0,1
5293,0.0,0
5294,1.0,1
5295,0.0,0
5296,1.0,1
5297,0.0,0
5298,1.0,1
5299,1.0,1
5300,0.0,0
5301,0.0,0
5302,1.0,1
5303,1.0,1
5304,0.0,0
5305,1.0,1
5306,0.0,0
5307,0.0,0
5308,0.0,0
5309,1.0,1
5310,1.0,1
5311,0.0,0
5312,0.0,1
5313,0.0,0
5314,1.0,1
5315,0.0,0
5316,1.0,1
5317,0.0,0
5318,0.0,0
5319,0.0,0
5320,0.0,0
5321,0.0,0
5322,1.0,1
5323,0.0,0
5324,0.0,0
5325,1.0,1
5326,0.0,0
5327,0.0,0
5328,0.0,0
5329,0.0,0
5330,0.0,0
5331,1.0,0
5332,0.0,0
5333,0.0,0
5334,1.0,1
5335,0.0,0
5336,0.0,0
5337,1.0,0
5338,0.0,1
5339,1.0,1
5340,0.0,0
5341,1.0,1
5342,1.0,1
5343,1.0,0
5344,1.0,1
5345,0.0,0
5346,0.0,1
5347,1.0,1
5348,0.0,0
5349,1.0,1
5350,1.0,0
5351,0.0,1
5352,0.0,1
5353,0.0,0
5354,0.0,0
5355,1.0,1
5356,0.0,0
5357,1.0,1
5358,0.0,0
5359,0.0,0
5360,0.0,1
5361,0.0,1
5362,0.0,0
5363,0.0,0
5364,1.0,0
5365,0.0,0
5366,1.0,1
5367,1.0,1
5368,0.0,0
5369,1.0,1
5370,0.0,0
5371,0.0,0
5372,1.0,1
5373,0.0,0
5374,0.0,0
5375,0.0,0
5376,0.0,0
5377,0.0,0
5378,1.0,0
5379,1.0,1
5380,1.0,1
5381,0.0,0
5382,1.0,1
5383,1.0,1
5384,0.0,0
5385,0.0,0
5386,1.0,1
5387,0.0,0
5388,0.0,0
5389,1.0,1
5390,0.0,1
5391,1.0,0
5392,1.0,0
5393,1.0,1
5394,0.0,1
5395,0.0,0
5396,1.0,1
5397,0.0,0
5398,1.0,1
5399,0.0,1
5400,0.0,0
5401,1.0,0
5402,1.0,1
5403,0.0,0
5404,1.0,1
5405,0.0,0
5406,0.0,0
5407,0.0,0
5408,1.0,1
5409,1.0,1
5410,1.0,1
5411,0.0,0
5412,0.0,0
5413,0.0,0
5414,0.0,0
5415,1.0,1
5416,0.0,0
5417,0.0,0
5418,0.0,0
5419,0.0,0
5420,0.0,0
5421,0.0,1
5422,0.0,0
5423,1.0,1
5424,0.0,0
5425,0.0,0
5426,0.0,0
5427,0.0,0
5428,0.0,0
5429,0.0,0
5430,0.0,1
5431,0.0,1
5432,0.0,0
5433,1.0,1
5434,0.0,0
5435,1.0,1
5436,0.0,0
5437,0.0,0
5438,1.0,1
5439,1.0,1
5440,0.0,0
5441,0.0,0
5442,1.0,1
5443,1.0,1
5444,0.0,0
5445,0.0,0
5446,0.0,0
5447,0.0,1
5448,1.0,1
5449,0.0,0
5450,0.0,1
5451,1.0,1
5452,0.0,0
5453,1.0,1
5454,0.0,0
5455,0.0,0
5456,0.0,0
5457,0.0,0
5458,1.0,1
5459,0.0,0
5460,1.0,1
5461,1.0,1
5462,0.0,0
5463,0.0,0
5464,1.0,1
5465,0.0,0
5466,0.0,0
5467,0.0,0
5468,0.0,0
5469,0.0,0
5470,0.0,0
5471,1.0,1
5472,0.0,0
5473,0.0,1
5474,0.0,0
5475,1.0,1
5476,1.0,1
5477,0.0,0
5478,0.0,0
5479,1.0,1
5480,1.0,1
5481,0.0,0
5482,0.0,0
5483,1.0,1
5484,1.0,1
5485,0.0,1
5486,0.0,1
5487,0.0,0
5488,1.0,1
5489,0.0,0
5490,0.0,0
5491,1.0,1
5492,1.0,0
5493,0.0,0
5494,0.0,0
5495,0.0,1
5496,1.0,1
5497,1.0,1
5498,1.0,1
5499,0.0,0
5500,1.0,1
5501,0.0,0
5502,1.0,1
5503,0.0,0
5504,1.0,1
5505,0.0,1
5506,0.0,0
5507,0.0,0
5508,0.0,1
5509,0.0,0
5510,1.0,1
5511,0.0,0
5512,0.0,0
5513,0.0,0
5514,0.0,0
5515,0.0,0
5516,0.0,0
5517,1.0,1
5518,1.0,1
5519,0.0,0
5520,1.0,1
5521,0.0,0
5522,1.0,1
5523,0.0,0
5524,1.0,1
5525,0.0,0
5526,1.0,1
5527,0.0,0
5528,0.0,0
5529,1.0,1
5530,1.0,1
5531,0.0,0
5532,1.0,1
5533,1.0,1
5534,0.0,0
5535,0.0,0
5536,1.0,1
5537,0.0,0
5538,1.0,1
5539,1.0,1
5540,1.0,1
5541,1.0,1
5542,0.0,0
5543,1.0,1
5544,0.0,1
5545,1.0,1
5546,0.0,0
5547,0.0,0
5548,1.0,1
5549,0.0,0
5550,1.0,1
5551,1.0,0
5552,1.0,1
5553,0.0,0
5554,1.0,1
5555,0.0,0
5556,1.0,1
5557,1.0,1
5558,0.0,0
5559,1.0,1
5560,0.0,0
5561,0.0,0
5562,0.0,0
5563,1.0,1
5564,0.0,1
5565,1.0,1
5566,0.0,0
5567,0.0,0
5568,1.0,1
5569,0.0,0
5570,1.0,1
5571,0.0,0
5572,1.0,1
5573,0.0,0
5574,1.0,1
5575,1.0,1
5576,0.0,1
5577,1.0,1
5578,1.0,1
5579,0.0,0
5580,1.0,1
5581,1.0,1
5582,0.0,1
5583,1.0,1
5584,0.0,0
5585,0.0,1
5586,1.0,1
5587,0.0,0
5588,0.0,0
5589,1.0,0
5590,0.0,0
5591,1.0,0
5592,1.0,1
5593,0.0,0
5594,1.0,1
5595,1.0,1
5596,0.0,0
5597,1.0,1
5598,0.0,1
5599,1.0,0
5600,1.0,1
5601,0.0,0
5602,1.0,1
5603,0.0,0
5604,0.0,0
5605,1.0,1
5606,1.0,1
5607,1.0,1
5608,1.0,0
5609,0.0,0
5610,1.0,1
5611,1.0,0
5612,1.0,1
5613,1.0,1
5614,1.0,0
5615,1.0,0
5616,0.0,0
5617,1.0,1
5618,1.0,0
5619,1.0,0
5620,1.0,1
5621,0.0,0
5622,1.0,0
5623,0.0,0
5624,1.0,1
5625,1.0,0
5626,1.0,1
5627,1.0,0
5628,1.0,1
5629,0.0,0
5630,1.0,0
5631,1.0,1
5632,1.0,1
5633,1.0,1
5634,0.0,0
5635,1.0,1
5636,1.0,0
5637,1.0,1
5638,1.0,0
5639,1.0,0
5640,0.0,0
5641,1.0,0
5642,1.0,1
5643,0.0,0
5644,1.0,1
5645,1.0,1
5646,1.0,0
5647,1.0,1
5648,1.0,0
5649,1.0,1
5650,1.0,1
5651,1.0,1
5652,1.0,1
5653,0.0,0
5654,1.0,1
5655,1.0,1
5656,1.0,1
5657,1.0,1
5658,1.0,0
5659,1.0,1
5660,1.0,1
5661,0.0,0
5662,0.0,0
5663,1.0,0
5664,1.0,1
5665,1.0,1
5666,1.0,1
5667,1.0,0
5668,0.0,0
5669,1.0,0
5670,1.0,1
5671,1.0,0
5672,0.0,1
5673,1.0,1
5674,1.0,0
5675,1.0,1
5676,0.0,0
5677,1.0,0
5678,0.0,1
5679,1.0,1
5680,0.0,0
5681,1.0,1
5682,1.0,1
5683,1.0,1
5684,1.0,1
5685,1.0,0
5686,1.0,0
5687,1.0,1
5688,0.0,0
5689,1.0,1
5690,1.0,0
5691,1.0,0
5692,1.0,1
5693,0.0,0
5694,1.0,1
5695,1.0,0
5696,0.0,0
5697,1.0,1
5698,1.0,0
5699,0.0,0
5700,1.0,1
5701,1.0,1
5702,1.0,1
5703,0.0,0
5704,1.0,1
5705,1.0,0
5706,0.0,0
5707,0.0,1
5708,1.0,0
5709,1.0,1
5710,1.0,1
5711,0.0,0
5712,1.0,1
5713,1.0,1
5714,0.0,0
5715,1.0,1
5716,1.0,1
5717,0.0,0
5718,0.0,0
5719,1.0,1
5720,1.0,0
5721,1.0,0
5722,1.0,1
5723,1.0,1
5724,1.0,1
5725,0.0,0
5726,0.0,0
5727,1.0,1
5728,1.0,0
5729,1.0,1
5730,1.0,0
5731,1.0,0
5732,1.0,1
5733,1.0,0
5734,1.0,1
5735,0.0,0
5736,1.0,1
5737,1.0,0
5738,1.0,0
5739,1.0,1
5740,1.0,0
5741,1.0,1
5742,1.0,1
5743,1.0,1
5744,1.0,1
5745,1.0,1
5746,0.0,0
5747,0.0,0
5748,1.0,0
5749,1.0,1
5750,1.0,1
5751,1.0,0
5752,0.0,0
5753,1.0,1
5754,1.0,0
5755,0.0,0
5756,0.0,0
5757,1.0,1
5758,0.0,0
5759,1.0,1
5760,1.0,1
5761,1.0,1
5762,1.0,1
5763,1.0,1
5764,1.0,1
5765,0.0,0
5766,1.0,0
5767,1.0,1
5768,0.0,0
5769,1.0,1
5770,1.0,1
5771,1.0,0
5772,1.0,0
5773,1.0,0
5774,0.0,0
5775,1.0,1
5776,1.0,0
5777,1.0,1
5778,1.0,0
5779,1.0,1
5780,1.0,1
5781,1.0,0
5782,1.0,0
5783,1.0,1
5784,1.0,0
5785,1.0,0
5786,1.0,0
5787,1.0,1
5788,1.0,1
5789,1.0,1
5790,1.0,0
5791,1.0,1
5792,1.0,1
5793,1.0,0
5794,1.0,1
5795,0.0,0
5796,1.0,0
5797,0.0,0
5798,1.0,0
5799,1.0,0
5800,1.0,1
5801,0.0,0
5802,1.0,0
5803,0.0,0
5804,0.0,0
5805,1.0,1
5806,1.0,0
5807,1.0,1
5808,1.0,0
5809,1.0,0
5810,1.0,0
5811,0.0,0
5812,1.0,1
5813,0.0,0
5814,0.0,0
5815,1.0,0
5816,0.0,0
5817,0.0,0
5818,0.0,0
5819,1.0,1
5820,1.0,1
5821,1.0,1
5822,0.0,0
5823,1.0,1
5824,0.0,0
5825,0.0,0
5826,0.0,1
5827,0.0,0
5828,1.0,1
5829,0.0,0
5830,1.0,1
5831,0.0,0
5832,1.0,1
5833,1.0,1
5834,1.0,1
5835,1.0,1
5836,1.0,1
5837,0.0,0
5838,1.0,1
5839,0.0,0
5840,1.0,1
5841,0.0,1
5842,1.0,1
5843,1.0,1
5844,1.0,1
5845,0.0,0
5846,0.0,0
5847,0.0,0
5848,1.0,1
5849,0.0,0
5850,0.0,0
5851,0.0,0
5852,0.0,0
5853,0.0,0
5854,1.0,1
5855,0.0,0
5856,1.0,1
5857,0.0,0
5858,1.0,1
5859,1.0,1
5860,1.0,1
5861,0.0,0
5862,0.0,0
5863,0.0,0
5864,0.0,0
5865,0.0,0
5866,0.0,0
5867,0.0,0
5868,1.0,1
5869,0.0,0
5870,0.0,0
5871,1.0,1
5872,1.0,1
5873,1.0,1
5874,0.0,0
5875,1.0,1
5876,1.0,1
5877,0.0,0
5878,1.0,1
5879,1.0,1
5880,0.0,1
5881,0.0,0
5882,1.0,1
5883,0.0,1
5884,0.0,0
5885,0.0,0
5886,1.0,1
5887,0.0,0
5888,0.0,0
5889,0.0,0
5890,0.0,0
5891,0.0,0
5892,0.0,0
5893,0.0,0
5894,1.0,1
5895,0.0,0
5896,1.0,1
5897,0.0,0
5898,0.0,0
5899,0.0,1
5900,1.0,1
5901,0.0,0
5902,1.0,1
5903,0.0,0
5904,1.0,1
5905,0.0,0
5906,0.0,0
5907,1.0,1
5908,1.0,1
5909,0.0,0
5910,0.0,0
5911,0.0,0
5912,1.0,1
5913,0.0,0
5914,0.0,0
5915,0.0,0
5916,0.0,0
5917,1.0,1
5918,1.0,1
5919,0.0,0
5920,1.0,0
5921,1.0,1
5922,0.0,0
5923,0.0,1
5924,0.0,0
5925,1.0,1
5926,0.0,0
5927,1.0,1
5928,1.0,1
5929,1.0,1
5930,1.0,1
5931,0.0,0
5932,1.0,1
5933,0.0,0
5934,0.0,0
5935,1.0,1
5936,1.0,1
5937,0.0,0
5938,0.0,0
5939,1.0,1
5940,1.0,1
5941,0.0,1
5942,0.0,0
5943,0.0,0
5944,1.0,1
5945,1.0,1
5946,1.0,1
5947,0.0,0
5948,0.0,0
5949,0.0,0
5950,0.0,0
5951,0.0,0
5952,1.0,1
5953,0.0,0
5954,0.0,1
5955,0.0,0
5956,0.0,0
5957,1.0,1
5958,1.0,1
5959,1.0,1
5960,0.0,1
5961,0.0,0
5962,1.0,0
5963,0.0,0
5964,0.0,0
5965,0.0,0
5966,0.0,0
5967,1.0,1
5968,0.0,1
5969,1.0,1
5970,1.0,1
5971,0.0,0
5972,0.0,0
5973,0.0,0
5974,1.0,1
5975,0.0,0
5976,1.0,1
5977,1.0,0
5978,0.0,0
5979,0.0,0
5980,1.0,1
5981,0.0,0
5982,1.0,1
5983,0.0,0
5984,0.0,0
5985,0.0,0
5986,0.0,0
5987,0.0,0
5988,0.0,0
5989,0.0,0
5990,1.0,1
5991,0.0,0
5992,1.0,1
5993,1.0,1
5994,0.0,0
5995,1.0,1
5996,1.0,1
5997,0.0,0
5998,0.0,1
5999,1.0,1
6000,0.0,0
6001,0.0,0
6002,1.0,1
6003,1.0,1
6004,0.0,0
6005,0.0,0
6006,0.0,0
6007,1.0,0
6008,1.0,1
6009,0.0,1
6010,0.0,0
6011,0.0,0
6012,0.0,1
6013,1.0,1
6014,1.0,1
6015,0.0,1
6016,0.0,0
6017,1.0,1
6018,1.0,1
6019,0.0,0
6020,0.0,0
6021,1.0,1
6022,0.0,0
6023,1.0,0
6024,1.0,1
6025,1.0,1
6026,0.0,0
6027,1.0,1
6028,1.0,1
6029,1.0,1
6030,0.0,0
6031,0.0,0
6032,1.0,1
6033,0.0,0
6034,0.0,0
6035,0.0,0
6036,0.0,0
6037,0.0,1
6038,1.0,1
6039,1.0,1
6040,0.0,0
6041,0.0,0
6042,0.0,0
6043,1.0,1
6044,1.0,1
6045,0.0,0
6046,0.0,0
6047,0.0,0
6048,0.0,1
6049,1.0,1
6050,1.0,1
6051,1.0,0
6052,0.0,0
6053,0.0,0
6054,1.0,1
6055,0.0,0
6056,0.0,0
6057,0.0,0
6058,1.0,1
6059,1.0,0
6060,1.0,1
6061,0.0,1
6062,0.0,0
6063,1.0,1
6064,0.0,0
6065,1.0,1
6066,0.0,0
6067,0.0,0
6068,0.0,0
6069,1.0,1
6070,0.0,1
6071,1.0,1
6072,1.0,1
6073,0.0,1
6074,0.0,0
6075,0.0,0
6076,1.0,1
6077,0.0,0
6078,0.0,0
6079,1.0,1
6080,1.0,0
6081,0.0,0
6082,0.0,0
6083,1.0,1
6084,1.0,1
6085,1.0,1
6086,1.0,1
6087,1.0,1
6088,0.0,1
6089,0.0,0
6090,0.0,1
6091,1.0,1
6092,0.0,0
6093,1.0,1
6094,1.0,0
6095,1.0,1
6096,1.0,1
6097,0.0,1
6098,0.0,1
6099,0.0,0
6100,1.0,1
6101,0.0,0
6102,0.0,0
6103,1.0,1
6104,1.0,1
6105,0.0,0
6106,1.0,1
6107,0.0,0
6108,1.0,1
6109,1.0,1
6110,0.0,0
6111,0.0,0
6112,0.0,0
6113,1.0,1
6114,1.0,1
6115,1.0,1
6116,0.0,1
6117,0.0,0
6118,1.0,1
6119,1.0,1
6120,1.0,0
6121,1.0,1
6122,1.0,1
6123,1.0,1
6124,0.0,1
6125,0.0,1
6126,1.0,1
6127,1.0,1
6128,1.0,1
6129,0.0,0
6130,1.0,1
6131,0.0,0
6132,1.0,1
6133,0.0,1
6134,0.0,0
6135,0.0,0
6136,1.0,0
6137,1.0,1
6138,0.0,0
6139,0.0,0
6140,0.0,1
6141,0.0,1
6142,1.0,1
6143,0.0,0
6144,0.0,0
6145,0.0,0
6146,0.0,1
6147,0.0,1
6148,0.0,1
6149,1.0,1
6150,0.0,0
6151,1.0,1
6152,0.0,0
6153,1.0,1
6154,1.0,1
6155,1.0,1
6156,1.0,1
6157,1.0,1
6158,1.0,1
6159,0.0,0
6160,0.0,0
6161,0.0,0
6162,0.0,0
6163,0.0,0
6164,1.0,1
6165,0.0,0
6166,0.0,1
6167,0.0,0
6168,0.0,1
6169,0.0,0
6170,0.0,0
6171,1.0,1
6172,1.0,1
6173,1.0,1
6174,0.0,0
6175,1.0,1
6176,1.0,1
6177,1.0,1
6178,1.0,1
6179,1.0,1
6180,0.0,1
6181,1.0,0
6182,0.0,0
6183,0.0,0
6184,0.0,0
6185,1.0,1
6186,1.0,1
6187,1.0,1
6188,0.0,0
6189,0.0,1
6190,0.0,0
6191,1.0,1
6192,1.0,1
6193,0.0,0
6194,1.0,1
6195,1.0,1
6196,1.0,1
6197,1.0,0
6198,1.0,1
6199,0.0,0
6200,0.0,0
6201,1.0,1
6202,1.0,1
6203,0.0,1
6204,1.0,1
6205,1.0,1
6206,0.0,0
6207,0.0,0
6208,0.0,1
6209,1.0,1
6210,1.0,1
6211,1.0,1
6212,1.0,0
6213,1.0,1
6214,1.0,1
6215,0.0,1
6216,0.0,0
6217,0.0,0
6218,1.0,1
6219,0.0,0
6220,0.0,1
6221,1.0,1
6222,1.0,0
6223,1.0,1
6224,1.0,1
6225,0.0,0
6226,1.0,1
6227,1.0,1
6228,0.0,0
6229,0.0,0
6230,0.0,0
6231,1.0,1
6232,0.0,0
6233,1.0,0
6234,0.0,0
6235,0.0,0
6236,0.0,0
6237,1.0,1
6238,0.0,1
6239,0.0,1
6240,1.0,1
6241,1.0,0
6242,1.0,1
6243,1.0,1
6244,0.0,0
6245,1.0,1
6246,1.0,1
6247,1.0,1
6248,0.0,0
6249,1.0,1
6250,1.0,1
6251,0.0,0
6252,0.0,0
6253,1.0,1
6254,0.0,0
6255,0.0,0
6256,1.0,0
6257,1.0,1
6258,0.0,0
6259,0.0,0
6260,1.0,1
6261,1.0,0
6262,1.0,1
6263,1.0,1
6264,1.0,0
6265,1.0,1
6266,1.0,0
6267,1.0,1
6268,0.0,0
6269,1.0,1
6270,1.0,1
6271,1.0,1
6272,0.0,0
6273,1.0,1
6274,1.0,1
6275,0.0,0
6276,1.0,0
6277,0.0,0
6278,1.0,0
6279,1.0,1
6280,0.0,0
6281,0.0,0
6282,1.0,1
6283,1.0,1
6284,1.0,0
6285,1.0,0
6286,0.0,0
6287,0.0,0
6288,1.0,1
6289,1.0,1
6290,1.0,1
6291,0.0,0
6292,0.0,0
6293,1.0,1
6294,1.0,1
6295,1.0,1
6296,0.0,0
6297,0.0,0
6298,1.0,1
6299,0.0,0
6300,1.0,1
6301,0.0,0
6302,1.0,1
6303,0.0,0
6304,1.0,1
6305,0.0,0
6306,0.0,0
6307,0.0,1
6308,1.0,1
6309,0.0,0
6310,1.0,1
6311,0.0,1
6312,0.0,0
6313,0.0,0
6314,0.0,0
6315,0.0,1
6316,1.0,1
6317,0.0,0
6318,0.0,0
6319,0.0,0
6320,0.0,0
6321,0.0,1
6322,0.0,0
6323,0.0,0
6324,1.0,1
6325,1.0,1
6326,0.0,0
6327,0.0,0
6328,0.0,0
6329,0.0,0
6330,1.0,1
6331,0.0,0
6332,1.0,1
6333,1.0,1
6334,1.0,1
6335,1.0,1
6336,0.0,0
6337,0.0,0
6338,1.0,0
6339,1.0,0
6340,1.0,1
6341,0.0,1
6342,0.0,0
6343,0.0,0
6344,1.0,1
6345,1.0,0
6346,1.0,1
6347,1.0,1
6348,0.0,0
6349,0.0,0
6350,0.0,0
6351,1.0,1
6352,1.0,1
6353,1.0,0
6354,1.0,0
6355,0.0,0
6356,1.0,1
6357,1.0,1
6358,1.0,1
6359,0.0,0
6360,0.0,0
6361,1.0,1
6362,1.0,1
6363,0.0,1
6364,0.0,0
6365,0.0,0
6366,0.0,0
6367,1.0,1
6368,1.0,1
6369,0.0,0
6370,0.0,1
6371,1.0,1
6372,1.0,1
6373,0.0,0
6374,1.0,0
6375,0.0,0
6376,0.0,0
6377,1.0,1
6378,0.0,1
6379,0.0,0
6380,0.0,0
6381,1.0,1
6382,0.0,0
6383,1.0,1
6384,1.0,1
6385,0.0,0
6386,1.0,1
6387,1.0,1
6388,0.0,0
6389,0.0,0
6390,0.0,0
6391,0.0,0
6392,0.0,0
6393,1.0,1
6394,0.0,0
6395,1.0,1
6396,1.0,1
6397,1.0,1
6398,0.0,0
6399,1.0,1
6400,0.0,0
6401,1.0,1
6402,0.0,0
6403,1.0,1
6404,1.0,1
6405,1.0,1
6406,0.0,0
6407,1.0,0
6408,0.0,0
6409,0.0,0
6410,1.0,1
6411,0.0,0
6412,0.0,0
6413,0.0,0
6414,0.0,0
6415,0.0,0
6416,1.0,1
6417,0.0,0
6418,0.0,0
6419,0.0,0
6420,0.0,0
6421,0.0,0
6422,1.0,0
6423,0.0,0
6424,1.0,1
6425,0.0,1
6426,0.0,0
6427,0.0,0
6428,0.0,1
6429,1.0,1
6430,0.0,0
6431,1.0,1
6432,1.0,1
6433,0.0,0
6434,1.0,1
6435,0.0,0
6436,1.0,1
6437,1.0,1
6438,1.0,1
6439,1.0,0
6440,1.0,0
6441,0.0,0
6442,1.0,1
6443,1.0,1
6444,0.0,1
6445,1.0,1
6446,0.0,0
6447,0.0,0
6448,1.0,1
6449,1.0,1
6450,0.0,0
6451,0.0,0
6452,0.0,0
6453,0.0,0
6454,0.0,0
6455,0.0,0
6456,0.0,0
6457,1.0,1
6458,0.0,0
6459,1.0,0
6460,1.0,1
6461,1.0,1
6462,0.0,0
6463,1.0,1
6464,1.0,1
6465,1.0,0
6466,0.0,0
6467,0.0,0
6468,1.0,1
6469,1.0,1
6470,1.0,1
6471,0.0,0
6472,0.0,0
6473,0.0,0
6474,1.0,1
6475,0.0,0
6476,0.0,0
6477,1.0,0
6478,0.0,0
6479,1.0,1
6480,0.0,0
6481,1.0,1
6482,1.0,1
6483,0.0,0
6484,0.0,1
6485,0.0,0
6486,1.0,1
6487,1.0,1
6488,1.0,1
6489,1.0,0
6490,0.0,0
6491,1.0,1
6492,1.0,1
6493,0.0,1
6494,0.0,0
6495,0.0,0
6496,1.0,1
6497,1.0,0
6498,1.0,1
6499,0.0,0
6500,0.0,1
6501,1.0,0
6502,0.0,0
6503,1.0,1
6504,1.0,1
6505,1.0,1
6506,1.0,1
6507,0.0,0
6508,0.0,1
6509,1.0,1
6510,0.0,0
6511,1.0,1
6512,0.0,0
6513,1.0,1
6514,0.0,0
6515,0.0,0
6516,0.0,0
6517,1.0,1
6518,1.0,1
6519,0.0,0
6520,1.0,1
6521,0.0,0
6522,1.0,1
6523,0.0,0
6524,0.0,0
6525,0.0,0
6526,0.0,0
6527,1.0,1
6528,0.0,1
6529,0.0,0
6530,0.0,0
6531,0.0,0
6532,1.0,0
6533,1.0,1
6534,1.0,1
6535,0.0,0
6536,0.0,0
6537,0.0,0
6538,1.0,1
6539,0.0,0
6540,1.0,1
6541,1.0,0
6542,1.0,1
6543,0.0,0
6544,1.0,1
6545,1.0,1
6546,1.0,1
6547,1.0,0
6548,1.0,1
6549,1.0,1
6550,1.0,1
6551,1.0,1
6552,0.0,0
6553,1.0,1
6554,1.0,1
6555,0.0,0
6556,0.0,0
6557,0.0,0
6558,1.0,1
6559,0.0,1
6560,1.0,1
6561,0.0,0
6562,1.0,1
6563,1.0,1
6564,1.0,1
6565,0.0,0
6566,1.0,1
6567,0.0,1
6568,1.0,0
6569,1.0,1
6570,1.0,1
6571,1.0,1
6572,0.0,0
6573,1.0,1
6574,0.0,0
6575,0.0,0
6576,0.0,0
6577,0.0,0
6578,0.0,0
6579,1.0,0
6580,0.0,0
6581,0.0,0
6582,1.0,1
6583,1.0,1
6584,1.0,1
6585,1.0,1
6586,1.0,1
6587,0.0,0
6588,0.0,0
6589,1.0,1
6590,0.0,0
6591,1.0,1
6592,0.0,1
6593,0.0,0
6594,0.0,0
6595,1.0,1
6596,1.0,1
6597,1.0,1
6598,1.0,1
6599,0.0,0
6600,0.0,0
6601,0.0,0
6602,0.0,0
6603,1.0,1
6604,1.0,1
6605,0.0,0
6606,0.0,0
6607,1.0,1
6608,0.0,0
6609,0.0,0
6610,0.0,0
6611,1.0,1
6612,0.0,0
6613,0.0,0
6614,1.0,1
6615,1.0,0
6616,1.0,1
6617,1.0,1
6618,1.0,1
6619,0.0,0
6620,1.0,1
6621,1.0,1
6622,0.0,1
6623,0.0,0
6624,0.0,0
6625,1.0,1
6626,1.0,1
6627,0.0,1
6628,0.0,0
6629,1.0,1
6630,0.0,0
6631,1.0,0
6632,0.0,0
6633,0.0,0
6634,1.0,1
6635,1.0,1
6636,0.0,0
6637,0.0,0
6638,0.0,0
6639,1.0,1
6640,1.0,1
6641,0.0,0
6642,0.0,1
6643,1.0,1
6644,0.0,1
6645,1.0,1
6646,1.0,1
6647,1.0,1
6648,0.0,0
6649,0.0,1
6650,1.0,1
6651,1.0,1
6652,0.0,0
6653,0.0,1
6654,0.0,1
6655,0.0,0
6656,0.0,0
6657,1.0,1
6658,0.0,1
6659,0.0,0
6660,0.0,0
6661,1.0,1
6662,1.0,1
6663,0.0,0
6664,0.0,0
6665,1.0,1
6666,0.0,0
6667,0.0,0
6668,0.0,0
6669,1.0,1
6670,1.0,0
6671,0.0,0
6672,1.0,1
6673,0.0,0
6674,1.0,1
6675,0.0,0
6676,1.0,0
6677,1.0,1
6678,0.0,0
6679,0.0,0
6680,0.0,0
6681,1.0,1
6682,1.0,1
6683,0.0,0
6684,1.0,1
6685,0.0,1
6686,0.0,1
6687,1.0,1
6688,1.0,1
6689,1.0,1
6690,1.0,1
6691,1.0,1
6692,1.0,1
6693,1.0,1
6694,0.0,0
6695,0.0,0
6696,1.0,1
6697,0.0,1
6698,0.0,0
6699,1.0,1
6700,0.0,0
6701,1.0,0
6702,1.0,1
6703,1.0,1
6704,1.0,1
6705,0.0,0
6706,1.0,0
6707,0.0,0
6708,1.0,0
6709,1.0,1
6710,0.0,1
6711,0.0,0
6712,0.0,0
6713,1.0,1
6714,0.0,0
6715,0.0,0
6716,1.0,1
6717,0.0,0
6718,1.0,1
6719,1.0,1
6720,0.0,0
6721,0.0,0
6722,0.0,1
6723,0.0,1
6724,1.0,0
6725,1.0,1
6726,0.0,0
6727,0.0,0
6728,1.0,1
6729,1.0,1
6730,1.0,0
6731,0.0,1
6732,1.0,0
6733,1.0,0
6734,0.0,0
6735,0.0,1
6736,0.0,0
6737,1.0,1
6738,0.0,1
6739,1.0,1
6740,1.0,1
6741,1.0,1
6742,0.0,0
6743,0.0,0
6744,1.0,1
6745,1.0,1
6746,1.0,1
6747,1.0,1
6748,0.0,0
6749,0.0,0
6750,0.0,0
6751,0.0,0
6752,1.0,1
6753,1.0,1
6754,0.0,0
6755,0.0,0
6756,0.0,1
6757,1.0,1
6758,0.0,0
6759,0.0,0
6760,0.0,0
6761,0.0,0
6762,0.0,0
6763,0.0,0
6764,1.0,1
6765,0.0,0
6766,1.0,1
6767,1.0,1
6768,1.0,1
6769,1.0,1
6770,1.0,1
6771,0.0,0
6772,0.0,0
6773,0.0,1
6774,1.0,1
6775,0.0,0
6776,1.0,1
6777,0.0,0
6778,0.0,0
6779,0.0,0
6780,0.0,0
6781,0.0,0
6782,1.0,1
6783,1.0,1
6784,0.0,0
6785,1.0,1
6786,1.0,1
6787,1.0,1
6788,1.0,1
6789,0.0,1
6790,0.0,0
6791,1.0,1
6792,0.0,0
6793,0.0,0
6794,1.0,1
6795,0.0,0
6796,0.0,0
6797,0.0,0
6798,1.0,1
6799,1.0,1
6800,0.0,0
6801,0.0,0
6802,1.0,1
6803,0.0,0
6804,0.0,0
6805,0.0,1
6806,1.0,1
6807,1.0,1
6808,1.0,1
6809,0.0,0
6810,0.0,0
6811,0.0,0
6812,0.0,0
6813,1.0,1
6814,0.0,1
6815,1.0,1
6816,1.0,0
6817,0.0,0
6818,1.0,1
6819,1.0,1
6820,0.0,1
6821,1.0,1
6822,1.0,1
6823,0.0,0
6824,0.0,1
6825,0.0,0
6826,1.0,1
6827,0.0,0
6828,0.0,0
6829,1.0,1
6830,0.0,0
6831,1.0,1
6832,0.0,1
6833,0.0,0
6834,0.0,0
6835,0.0,0
6836,0.0,0
6837,0.0,0
6838,1.0,1
6839,1.0,1
6840,0.0,1
6841,0.0,0
6842,0.0,0
6843,1.0,1
6844,0.0,0
6845,1.0,1
6846,1.0,1
6847,0.0,0
6848,0.0,0
6849,0.0,0
6850,0.0,0
6851,1.0,1
6852,1.0,1
6853,0.0,1
6854,0.0,0
6855,0.0,1
6856,1.0,1
6857,0.0,0
6858,1.0,1
6859,0.0,1
6860,0.0,0
6861,1.0,1
6862,1.0,1
6863,0.0,0
6864,0.0,0
6865,0.0,0
6866,0.0,0
6867,1.0,0
6868,1.0,1
6869,1.0,0
6870,0.0,0
6871,1.0,1
6872,1.0,1
6873,0.0,0
6874,0.0,0
6875,1.0,1
6876,0.0,0
6877,1.0,1
6878,0.0,0
6879,1.0,1
6880,1.0,1
6881,1.0,1
6882,0.0,0
6883,1.0,1
6884,0.0,0
6885,1.0,1
6886,0.0,0
6887,1.0,1
6888,1.0,0
6889,1.0,1
6890,1.0,1
6891,1.0,1
6892,1.0,1
6893,0.0,0
6894,1.0,0
6895,1.0,1
6896,1.0,1
6897,1.0,1
6898,1.0,1
6899,0.0,0
6900,0.0,0
6901,1.0,1
6902,0.0,0
6903,0.0,0
6904,0.0,1
6905,1.0,1
6906,1.0,1
6907,1.0,1
6908,0.0,0
6909,1.0,1
6910,0.0,0
6911,0.0,0
6912,0.0,0
6913,0.0,0
6914,0.0,0
6915,0.0,0
6916,0.0,0
6917,1.0,1
6918,0.0,1
6919,1.0,1
6920,0.0,0
6921,0.0,0
6922,1.0,1
6923,0.0,0
6924,0.0,0
6925,1.0,0
6926,0.0,0
6927,0.0,0
6928,1.0,1
6929,1.0,1
6930,0.0,0
6931,1.0,1
6932,1.0,1
6933,1.0,0
6934,0.0,0
6935,1.0,1
6936,0.0,0
6937,1.0,1
6938,1.0,1
6939,0.0,0
6940,0.0,0
6941,1.0,0
6942,0.0,1
6943,1.0,1
6944,0.0,0
6945,1.0,1
6946,0.0,0
6947,1.0,1
6948,0.0,0
6949,1.0,1
6950,1.0,0
6951,0.0,1
6952,0.0,0
6953,1.0,1
6954,1.0,1
6955,0.0,1
6956,0.0,0
6957,1.0,0
6958,1.0,1
6959,0.0,0
6960,1.0,1
6961,1.0,1
6962,0.0,0
6963,0.0,0
6964,1.0,1
6965,0.0,1
6966,1.0,1
6967,0.0,1
6968,1.0,1
6969,0.0,0
6970,0.0,0
6971,1.0,1
6972,1.0,1
6973,1.0,1
6974,1.0,1
6975,1.0,1
6976,1.0,1
6977,0.0,0
6978,1.0,1
6979,0.0,1
6980,0.0,0
6981,0.0,0
6982,0.0,0
6983,1.0,1
6984,1.0,1
6985,0.0,1
6986,0.0,0
6987,0.0,0
6988,0.0,0
6989,0.0,0
6990,0.0,0
6991,0.0,0
6992,0.0,0
6993,0.0,0
6994,0.0,0
6995,1.0,1
6996,1.0,0
6997,0.0,1
6998,1.0,1
6999,1.0,1
7000,0.0,0
7001,0.0,1
7002,0.0,0
7003,0.0,0
7004,0.0,0
7005,0.0,0
7006,1.0,1
7007,1.0,1
7008,1.0,1
7009,1.0,1
7010,1.0,0
7011,1.0,0
7012,1.0,0
7013,0.0,0
7014,0.0,0
7015,0.0,0
7016,0.0,1
7017,0.0,1
7018,1.0,1
7019,1.0,1
7020,1.0,1
7021,0.0,0
7022,0.0,0
7023,0.0,0
7024,1.0,1
7025,0.0,0
7026,0.0,0
7027,0.0,0
7028,1.0,1
7029,1.0,1
7030,0.0,0
7031,1.0,1
7032,0.0,0
7033,1.0,1
7034,1.0,1
7035,1.0,1
7036,1.0,0
7037,0.0,0
7038,0.0,0
7039,0.0,0
7040,1.0,1
7041,1.0,1
7042,1.0,1
7043,1.0,0
7044,0.0,1
7045,1.0,1
7046,0.0,0
7047,0.0,0
7048,0.0,0
7049,0.0,1
7050,0.0,0
7051,1.0,1
7052,0.0,0
7053,1.0,1
7054,1.0,1
7055,1.0,0
7056,1.0,1
7057,0.0,0
7058,1.0,1
7059,1.0,0
7060,0.0,0
7061,1.0,1
7062,0.0,1
7063,0.0,0
7064,0.0,1
7065,0.0,0
7066,1.0,1
7067,1.0,0
7068,0.0,1
7069,0.0,0
7070,0.0,0
7071,1.0,1
7072,1.0,0
7073,1.0,1
7074,0.0,0
7075,1.0,1
7076,1.0,1
7077,0.0,1
7078,0.0,0
7079,0.0,1
7080,1.0,1
7081,1.0,1
7082,1.0,1
7083,0.0,0
7084,1.0,1
7085,1.0,1
7086,1.0,1
7087,0.0,0
7088,0.0,0
7089,1.0,0
7090,1.0,1
7091,0.0,0
7092,1.0,0
7093,0.0,0
7094,0.0,0
7095,0.0,0
7096,1.0,1
7097,1.0,1
7098,1.0,1
7099,1.0,1
7100,1.0,1
7101,1.0,1
7102,0.0,0
7103,0.0,1
7104,1.0,1
7105,1.0,1
7106,0.0,0
7107,1.0,0
7108,1.0,1
7109,0.0,1
7110,1.0,0
7111,0.0,0
7112,0.0,0
7113,0.0,1
7114,0.0,0
7115,1.0,0
7116,0.0,0
7117,0.0,0
7118,0.0,1
7119,0.0,0
7120,1.0,1
7121,0.0,0
7122,1.0,1
7123,1.0,1
7124,1.0,1
7125,1.0,1
7126,0.0,0
7127,0.0,0
7128,1.0,1
7129,0.0,0
7130,1.0,1
7131,0.0,0
7132,1.0,1
7133,1.0,1
7134,1.0,0
7135,0.0,0
7136,1.0,1
7137,1.0,1
7138,1.0,0
7139,1.0,1
7140,0.0,0
7141,1.0,1
7142,0.0,0
7143,1.0,1
7144,0.0,0
7145,1.0,0
7146,1.0,1
7147,1.0,1
7148,0.0,0
7149,0.0,0
7150,0.0,0
7151,1.0,1
7152,0.0,0
7153,1.0,1
7154,1.0,1
7155,0.0,0
7156,0.0,0
7157,1.0,1
7158,0.0,0
7159,0.0,0
7160,1.0,1
7161,1.0,1
7162,0.0,0
7163,0.0,0
7164,0.0,0
7165,1.0,1
7166,0.0,0
7167,0.0,1
7168,1.0,1
7169,0.0,0
7170,0.0,0
7171,1.0,1
7172,0.0,0
7173,0.0,0
7174,0.0,0
7175,1.0,1
7176,0.0,1
7177,0.0,0
7178,1.0,1
7179,1.0,1
7180,1.0,1
7181,1.0,0
7182,1.0,1
7183,0.0,0
7184,0.0,0
7185,1.0,1
7186,1.0,1
7187,0.0,0
7188,0.0,0
7189,1.0,1
7190,0.0,0
7191,0.0,0
7192,0.0,1
7193,0.0,0
7194,0.0,0
7195,0.0,0
7196,0.0,0
7197,0.0,0
7198,1.0,1
7199,0.0,0
7200,0.0,1
7201,0.0,0
7202,1.0,1
7203,1.0,1
7204,1.0,1
7205,1.0,0
7206,1.0,1
7207,1.0,1
7208,1.0,1
7209,0.0,0
7210,1.0,1
7211,0.0,0
7212,1.0,1
7213,1.0,1
7214,0.0,1
7215,1.0,1
7216,1.0,1
7217,0.0,0
7218,1.0,1
7219,0.0,0
7220,1.0,1
7221,0.0,1
7222,0.0,0
7223,0.0,0
7224,0.0,0
7225,0.0,1
7226,1.0,1
7227,1.0,1
7228,0.0,1
7229,1.0,1
7230,0.0,0
7231,0.0,0
7232,1.0,1
7233,1.0,1
7234,0.0,0
7235,1.0,1
7236,0.0,0
7237,1.0,0
7238,0.0,0
7239,0.0,0
7240,0.0,0
7241,1.0,1
7242,1.0,1
7243,1.0,1
7244,1.0,1
7245,1.0,1
7246,0.0,0
7247,0.0,0
7248,0.0,0
7249,1.0,1
7250,0.0,0
7251,0.0,0
7252,0.0,0
7253,1.0,0
7254,1.0,1
7255,0.0,0
7256,1.0,1
7257,0.0,0
7258,0.0,0
7259,0.0,0
7260,1.0,1
7261,1.0,1
7262,1.0,1
7263,0.0,0
7264,0.0,1
7265,1.0,1
7266,1.0,1
7267,0.0,0
7268,0.0,0
7269,0.0,0
7270,1.0,1
7271,0.0,0
7272,0.0,0
7273,1.0,0
7274,1.0,1
7275,0.0,0
7276,1.0,1
7277,0.0,0
7278,0.0,0
7279,0.0,0
7280,1.0,1
7281,0.0,0
7282,1.0,1
7283,1.0,1
7284,0.0,0
7285,1.0,1
7286,0.0,0
7287,1.0,1
7288,1.0,1
7289,0.0,0
7290,1.0,1
7291,1.0,1
7292,0.0,0
7293,1.0,1
7294,0.0,0
7295,0.0,0
7296,1.0,1
7297,1.0,1
7298,0.0,0
7299,1.0,1
7300,0.0,0
7301,0.0,1
7302,1.0,1
7303,1.0,1
7304,1.0,1
7305,1.0,0
7306,0.0,0
7307,1.0,1
7308,1.0,1
7309,1.0,1
7310,1.0,1
7311,0.0,0
7312,1.0,1
7313,1.0,1
7314,0.0,0
7315,0.0,0
7316,0.0,0
7317,1.0,1
7318,0.0,0
7319,1.0,1
7320,0.0,0
7321,0.0,0
7322,1.0,1
7323,1.0,1
7324,0.0,0
7325,1.0,0
7326,0.0,0
7327,1.0,0
7328,1.0,1
7329,1.0,1
7330,0.0,0
7331,1.0,1
7332,0.0,0
7333,1.0,1
7334,1.0,1
7335,0.0,0
7336,1.0,1
7337,0.0,0
7338,0.0,1
7339,0.0,0
7340,0.0,0
7341,0.0,0
7342,1.0,1
7343,0.0,0
7344,0.0,0
7345,0.0,0
7346,1.0,1
7347,0.0,0
7348,0.0,0
7349,0.0,0
7350,1.0,1
7351,0.0,0
7352,0.0,0
7353,1.0,1
7354,0.0,1
7355,1.0,1
7356,1.0,1
7357,1.0,1
7358,1.0,1
7359,1.0,1
7360,1.0,1
7361,1.0,1
7362,0.0,0
7363,1.0,1
7364,0.0,0
7365,0.0,0
7366,1.0,1
7367,0.0,0
7368,0.0,0
7369,0.0,0
7370,0.0,0
7371,0.0,0
7372,0.0,0
7373,0.0,0
7374,0.0,0
7375,1.0,1
7376,1.0,1
7377,0.0,0
7378,1.0,1
7379,1.0,1
7380,1.0,1
7381,0.0,0
7382,0.0,0
7383,0.0,0
7384,0.0,0
7385,0.0,0
7386,0.0,0
7387,1.0,1
7388,1.0,1
7389,0.0,0
7390,0.0,0
7391,1.0,1
7392,1.0,1
7393,0.0,0
7394,1.0,1
7395,0.0,0
7396,0.0,0
7397,1.0,1
7398,1.0,1
7399,0.0,0
7400,1.0,1
7401,0.0,0
7402,0.0,0
7403,1.0,1
7404,0.0,0
7405,0.0,0
7406,0.0,0
7407,0.0,0
7408,1.0,1
7409,0.0,0
7410,0.0,0
7411,1.0,1
7412,1.0,1
7413,0.0,0
7414,1.0,0
7415,1.0,1
7416,1.0,0
7417,1.0,1
7418,1.0,0
7419,1.0,1
7420,1.0,1
7421,1.0,1
7422,0.0,0
7423,0.0,0
7424,1.0,1
7425,1.0,1
7426,0.0,0
7427,0.0,0
7428,1.0,1
7429,1.0,1
7430,0.0,0
7431,1.0,1
7432,0.0,1
7433,1.0,1
7434,0.0,0
7435,1.0,1
7436,0.0,0
7437,0.0,0
7438,1.0,1
7439,1.0,1
7440,0.0,0
7441,0.0,0
7442,0.0,0
7443,0.0,0
7444,0.0,0
7445,0.0,0
7446,1.0,1
7447,1.0,1
7448,1.0,1
7449,1.0,1
7450,0.0,0
7451,1.0,1
7452,1.0,0
7453,0.0,0
7454,1.0,1
7455,1.0,1
7456,1.0,1
7457,1.0,1
7458,1.0,1
7459,0.0,1
7460,1.0,0
7461,1.0,1
7462,0.0,0
7463,1.0,1
7464,0.0,0
7465,1.0,1
7466,0.0,0
7467,1.0,1
7468,1.0,0
7469,1.0,1
7470,1.0,0
7471,1.0,1
7472,1.0,1
7473,0.0,1
7474,0.0,0
7475,1.0,1
7476,0.0,1
7477,1.0,1
7478,1.0,1
7479,0.0,0
7480,1.0,1
7481,0.0,0
7482,1.0,1
7483,0.0,0
7484,1.0,1
7485,0.0,0
7486,0.0,0
7487,1.0,1
7488,1.0,1
7489,0.0,0
7490,1.0,1
7491,1.0,1
7492,1.0,0
7493,0.0,0
7494,0.0,0
7495,1.0,1
7496,0.0,0
7497,1.0,1
7498,1.0,1
7499,1.0,1
7500,1.0,1
7501,1.0,0
7502,0.0,0
7503,1.0,1
7504,0.0,0
7505,1.0,0
7506,0.0,0
7507,0.0,0
7508,1.0,0
7509,0.0,0
7510,0.0,0
7511,0.0,0
7512,1.0,1
7513,0.0,0
7514,0.0,0
7515,0.0,0
7516,1.0,1
7517,1.0,1
7518,1.0,1
7519,1.0,1
7520,1.0,0
7521,1.0,1
7522,1.0,1
7523,1.0,0
7524,1.0,1
7525,0.0,0
7526,0.0,0
7527,1.0,1
7528,1.0,1
7529,0.0,0
7530,0.0,0
7531,0.0,0
7532,0.0,0
7533,1.0,1
7534,0.0,0
7535,0.0,0
7536,1.0,1
7537,0.0,1
7538,0.0,0
7539,1.0,1
