,predictions,target
0,1.0,1
1,1.0,1
2,0.0,0
3,0.0,1
4,0.0,0
5,1.0,1
6,0.0,0
7,1.0,0
8,1.0,1
9,0.0,0
10,0.0,0
11,0.0,0
12,0.0,0
13,1.0,1
14,1.0,1
15,0.0,0
16,0.0,1
17,0.0,0
18,0.0,0
19,0.0,0
20,1.0,1
21,1.0,1
22,1.0,1
23,1.0,1
24,0.0,0
25,0.0,0
26,0.0,0
27,0.0,0
28,0.0,0
29,1.0,0
30,0.0,0
31,1.0,1
32,0.0,0
33,1.0,0
34,0.0,0
35,0.0,0
36,1.0,1
37,1.0,1
38,1.0,1
39,1.0,1
40,0.0,1
41,1.0,1
42,1.0,1
43,0.0,0
44,0.0,0
45,1.0,1
46,1.0,1
47,0.0,0
48,1.0,0
49,1.0,1
50,1.0,1
51,0.0,1
52,0.0,0
53,0.0,0
54,0.0,0
55,0.0,0
56,1.0,1
57,0.0,0
58,0.0,0
59,0.0,0
60,1.0,1
61,1.0,1
62,1.0,1
63,0.0,1
64,1.0,1
65,1.0,1
66,1.0,1
67,0.0,0
68,1.0,1
69,1.0,0
70,0.0,0
71,0.0,0
72,0.0,0
73,1.0,1
74,0.0,0
75,1.0,1
76,1.0,1
77,1.0,1
78,0.0,0
79,0.0,0
80,1.0,1
81,1.0,1
82,0.0,0
83,1.0,1
84,0.0,0
85,1.0,0
86,0.0,0
87,1.0,0
88,1.0,1
89,0.0,0
90,1.0,1
91,1.0,1
92,0.0,0
93,1.0,1
94,0.0,0
95,0.0,0
96,0.0,0
97,0.0,0
98,0.0,0
99,1.0,0
100,1.0,1
101,0.0,1
102,0.0,0
103,1.0,1
104,0.0,0
105,0.0,0
106,1.0,1
107,1.0,1
108,0.0,0
109,0.0,0
110,0.0,0
111,1.0,1
112,1.0,1
113,1.0,1
114,1.0,1
115,1.0,1
116,0.0,0
117,1.0,1
118,0.0,0
119,0.0,0
120,0.0,0
121,0.0,0
122,1.0,1
123,0.0,0
124,1.0,1
125,1.0,1
126,0.0,0
127,1.0,0
128,0.0,0
129,1.0,1
130,0.0,0
131,1.0,0
132,1.0,0
133,0.0,0
134,1.0,1
135,0.0,0
136,1.0,1
137,1.0,1
138,0.0,0
139,1.0,1
140,0.0,0
141,0.0,0
142,0.0,0
143,1.0,1
144,1.0,1
145,0.0,0
146,1.0,1
147,0.0,0
148,1.0,1
149,0.0,1
150,0.0,0
151,0.0,0
152,0.0,1
153,0.0,0
154,1.0,1
155,1.0,1
156,1.0,1
157,0.0,0
158,1.0,1
159,1.0,1
160,0.0,0
161,1.0,1
162,1.0,1
163,0.0,0
164,0.0,0
165,0.0,0
166,0.0,0
167,0.0,1
168,0.0,0
169,0.0,0
170,1.0,1
171,0.0,0
172,0.0,0
173,0.0,0
174,1.0,1
175,1.0,1
176,1.0,1
177,0.0,0
178,1.0,1
179,1.0,1
180,1.0,1
181,1.0,0
182,0.0,0
183,0.0,0
184,0.0,0
185,0.0,0
186,1.0,1
187,1.0,1
188,1.0,1
189,0.0,0
190,0.0,0
191,0.0,0
192,1.0,1
193,1.0,1
194,0.0,0
195,0.0,0
196,0.0,1
197,1.0,1
198,0.0,0
199,1.0,1
200,0.0,0
201,0.0,0
202,0.0,1
203,1.0,1
204,1.0,1
205,0.0,0
206,1.0,1
207,0.0,1
208,0.0,0
209,1.0,1
210,0.0,0
211,1.0,0
212,1.0,1
213,1.0,1
214,1.0,1
215,0.0,0
216,0.0,0
217,1.0,1
218,0.0,0
219,0.0,1
220,0.0,0
221,1.0,1
222,0.0,0
223,1.0,1
224,0.0,0
225,1.0,1
226,0.0,0
227,0.0,0
228,0.0,1
229,0.0,1
230,0.0,0
231,1.0,1
232,0.0,0
233,0.0,0
234,1.0,1
235,1.0,1
236,1.0,1
237,1.0,1
238,0.0,0
239,1.0,1
240,0.0,0
241,0.0,0
242,1.0,1
243,1.0,1
244,1.0,0
245,0.0,0
246,0.0,0
247,1.0,1
248,0.0,0
249,1.0,1
250,0.0,0
251,1.0,1
252,1.0,0
253,0.0,0
254,1.0,1
255,1.0,1
256,0.0,0
257,0.0,0
258,1.0,1
259,0.0,0
260,0.0,0
261,1.0,1
262,0.0,0
263,1.0,0
264,0.0,0
265,0.0,0
266,1.0,1
267,1.0,1
268,1.0,1
269,0.0,0
270,0.0,0
271,1.0,1
272,0.0,1
273,0.0,0
274,0.0,0
275,1.0,1
276,1.0,1
277,0.0,0
278,1.0,1
279,0.0,0
280,1.0,1
281,0.0,0
282,1.0,1
283,1.0,0
284,0.0,0
285,1.0,1
286,1.0,1
287,1.0,1
288,0.0,0
289,0.0,0
290,1.0,1
291,1.0,1
292,1.0,1
293,0.0,1
294,0.0,0
295,1.0,1
296,0.0,0
297,1.0,1
298,0.0,0
299,1.0,1
300,1.0,1
301,1.0,1
302,1.0,0
303,0.0,0
304,0.0,0
305,0.0,0
306,1.0,0
307,0.0,0
308,1.0,1
309,0.0,0
310,1.0,1
311,1.0,1
312,0.0,0
313,1.0,1
314,1.0,1
315,0.0,0
316,0.0,0
317,0.0,0
318,1.0,1
319,1.0,1
320,0.0,1
321,0.0,0
322,1.0,1
323,0.0,0
324,1.0,1
325,0.0,0
326,1.0,1
327,0.0,0
328,1.0,1
329,1.0,1
330,0.0,0
331,0.0,0
332,1.0,1
333,0.0,0
334,1.0,0
335,1.0,1
336,1.0,1
337,1.0,1
338,1.0,0
339,0.0,0
340,1.0,1
341,0.0,0
342,0.0,0
343,0.0,0
344,1.0,1
345,0.0,0
346,1.0,1
347,0.0,0
348,0.0,0
349,0.0,0
350,0.0,0
351,0.0,1
352,0.0,0
353,0.0,0
354,1.0,1
355,1.0,1
356,0.0,0
357,0.0,0
358,1.0,1
359,1.0,1
360,1.0,1
361,1.0,1
362,0.0,0
363,0.0,0
364,1.0,1
365,1.0,1
366,1.0,1
367,0.0,1
368,0.0,1
369,0.0,0
370,1.0,1
371,0.0,0
372,0.0,0
373,1.0,1
374,0.0,0
375,0.0,1
376,1.0,1
377,0.0,0
378,1.0,1
379,0.0,0
380,1.0,1
381,0.0,0
382,1.0,1
383,1.0,0
384,0.0,0
385,1.0,1
386,1.0,1
387,1.0,1
388,0.0,0
389,1.0,1
390,1.0,1
391,0.0,0
392,0.0,0
393,0.0,0
394,0.0,0
395,1.0,1
396,0.0,0
397,1.0,1
398,0.0,0
399,1.0,1
400,1.0,1
401,1.0,1
402,0.0,0
403,0.0,0
404,0.0,0
405,0.0,1
406,1.0,1
407,1.0,1
408,1.0,1
409,1.0,1
410,0.0,0
411,0.0,1
412,1.0,1
413,1.0,1
414,1.0,1
415,1.0,1
416,1.0,1
417,0.0,0
418,0.0,0
419,0.0,1
420,1.0,1
421,0.0,0
422,0.0,0
423,1.0,1
424,0.0,0
425,0.0,0
426,1.0,1
427,1.0,1
428,0.0,0
429,1.0,0
430,1.0,0
431,1.0,1
432,0.0,0
433,0.0,0
434,1.0,1
435,0.0,0
436,1.0,1
437,0.0,0
438,1.0,1
439,0.0,0
440,0.0,1
441,1.0,1
442,1.0,1
443,0.0,0
444,0.0,0
445,0.0,0
446,0.0,0
447,1.0,1
448,0.0,1
449,0.0,1
450,1.0,0
451,1.0,0
452,1.0,0
453,1.0,0
454,1.0,1
455,1.0,1
456,0.0,0
457,1.0,1
458,0.0,1
459,1.0,0
460,1.0,1
461,0.0,0
462,0.0,0
463,0.0,0
464,1.0,1
465,1.0,1
466,1.0,1
467,1.0,1
468,1.0,1
469,1.0,1
470,1.0,1
471,0.0,0
472,1.0,0
473,1.0,0
474,0.0,0
475,1.0,0
476,1.0,1
477,1.0,0
478,1.0,1
479,0.0,0
480,0.0,0
481,1.0,1
482,0.0,0
483,1.0,1
484,0.0,0
485,1.0,1
486,1.0,1
487,1.0,1
488,1.0,1
489,1.0,1
490,1.0,1
491,1.0,0
492,0.0,0
493,0.0,0
494,0.0,0
495,0.0,0
496,0.0,0
497,0.0,0
498,0.0,0
499,0.0,0
500,1.0,0
501,0.0,0
502,1.0,1
503,0.0,0
504,1.0,1
505,1.0,1
506,0.0,0
507,0.0,0
508,1.0,1
509,0.0,1
510,0.0,0
511,1.0,0
512,1.0,0
513,1.0,0
514,1.0,1
515,1.0,1
516,1.0,1
517,1.0,1
518,0.0,0
519,1.0,1
520,0.0,0
521,1.0,1
522,0.0,0
523,1.0,0
524,0.0,0
525,1.0,1
526,1.0,1
527,1.0,1
528,1.0,1
529,1.0,1
530,1.0,0
531,1.0,1
532,0.0,0
533,1.0,1
534,0.0,0
535,0.0,0
536,1.0,1
537,0.0,0
538,0.0,0
539,0.0,0
540,0.0,0
541,1.0,1
542,1.0,1
543,0.0,0
544,0.0,0
545,1.0,1
546,0.0,0
547,0.0,1
548,0.0,0
549,0.0,0
550,0.0,0
551,1.0,0
552,1.0,1
553,1.0,1
554,1.0,1
555,0.0,0
556,0.0,0
557,1.0,1
558,0.0,1
559,0.0,0
560,1.0,1
561,0.0,0
562,1.0,1
563,0.0,0
564,1.0,1
565,0.0,0
566,0.0,0
567,1.0,1
568,1.0,1
569,1.0,1
570,1.0,0
571,1.0,1
572,0.0,0
573,1.0,1
574,0.0,0
575,0.0,0
576,1.0,1
577,1.0,1
578,1.0,1
579,1.0,1
580,0.0,0
581,1.0,1
582,0.0,0
583,1.0,1
584,1.0,1
585,1.0,1
586,0.0,0
587,1.0,1
588,1.0,1
589,1.0,1
590,1.0,1
591,0.0,0
592,1.0,1
593,0.0,0
594,0.0,0
595,1.0,0
596,0.0,1
597,1.0,1
598,1.0,1
599,1.0,1
600,0.0,0
601,0.0,0
602,0.0,0
603,1.0,1
604,1.0,1
605,0.0,0
606,0.0,0
607,0.0,0
608,0.0,0
609,1.0,1
610,0.0,0
611,0.0,0
612,0.0,0
613,0.0,0
614,1.0,1
615,1.0,1
616,0.0,0
617,1.0,1
618,1.0,1
619,0.0,0
620,0.0,0
621,0.0,0
622,1.0,1
623,0.0,0
624,1.0,1
625,0.0,0
626,1.0,1
627,1.0,1
628,0.0,1
629,1.0,1
630,1.0,1
631,0.0,0
632,0.0,0
633,0.0,0
634,1.0,1
635,0.0,0
636,1.0,0
637,1.0,1
638,1.0,1
639,0.0,1
640,0.0,0
641,0.0,0
642,1.0,1
643,0.0,0
644,0.0,0
645,0.0,0
646,0.0,0
647,1.0,1
648,1.0,1
649,1.0,1
650,0.0,0
651,1.0,1
652,0.0,0
653,1.0,1
654,1.0,1
655,1.0,1
656,0.0,0
657,0.0,0
658,0.0,0
659,0.0,0
660,1.0,0
661,0.0,0
662,0.0,0
663,1.0,1
664,1.0,1
665,0.0,0
666,0.0,0
667,1.0,1
668,0.0,0
669,1.0,1
670,0.0,0
671,1.0,1
672,1.0,1
673,0.0,0
674,0.0,0
675,1.0,1
676,0.0,0
677,0.0,0
678,0.0,0
679,0.0,1
680,1.0,1
681,0.0,0
682,1.0,1
683,1.0,1
684,0.0,0
685,0.0,1
686,0.0,0
687,0.0,0
688,1.0,1
689,1.0,1
690,0.0,0
691,1.0,1
692,0.0,0
693,1.0,1
694,1.0,1
695,1.0,1
696,1.0,1
697,0.0,0
698,1.0,1
699,0.0,0
700,0.0,0
701,0.0,0
702,1.0,1
703,0.0,0
704,1.0,1
705,0.0,0
706,1.0,1
707,0.0,0
708,1.0,0
709,0.0,1
710,0.0,0
711,1.0,1
712,1.0,1
713,0.0,0
714,1.0,1
715,1.0,1
716,0.0,0
717,0.0,1
718,1.0,1
719,0.0,0
720,1.0,0
721,0.0,0
722,1.0,0
723,0.0,0
724,0.0,0
725,1.0,1
726,0.0,1
727,1.0,1
728,0.0,0
729,1.0,1
730,0.0,0
731,1.0,1
732,1.0,1
733,0.0,0
734,1.0,1
735,1.0,1
736,1.0,1
737,1.0,1
738,0.0,0
739,1.0,1
740,1.0,1
741,1.0,1
742,0.0,0
743,1.0,1
744,0.0,0
745,1.0,1
746,1.0,1
747,0.0,0
748,1.0,1
749,1.0,1
750,0.0,0
751,1.0,1
752,1.0,1
753,0.0,0
754,0.0,0
755,0.0,0
756,1.0,1
757,1.0,1
758,0.0,0
759,1.0,0
760,0.0,1
761,0.0,0
762,1.0,1
763,1.0,1
764,0.0,0
765,0.0,0
766,1.0,1
767,0.0,0
768,1.0,1
769,0.0,0
770,1.0,1
771,1.0,1
772,1.0,1
773,0.0,1
774,1.0,0
775,1.0,1
776,0.0,0
777,1.0,1
778,1.0,1
779,1.0,1
780,0.0,0
781,0.0,0
782,1.0,1
783,0.0,0
784,0.0,0
785,0.0,0
786,1.0,1
787,1.0,1
788,0.0,0
789,1.0,1
790,1.0,1
791,0.0,1
792,0.0,0
793,1.0,0
794,1.0,1
795,1.0,1
796,1.0,1
797,1.0,1
798,0.0,0
799,1.0,1
800,0.0,0
801,1.0,1
802,0.0,1
803,0.0,1
804,1.0,1
805,1.0,1
806,1.0,1
807,0.0,0
808,1.0,1
809,1.0,1
810,0.0,0
811,1.0,1
812,0.0,0
813,1.0,1
814,0.0,0
815,0.0,1
816,0.0,0
817,0.0,0
818,0.0,1
819,1.0,1
820,1.0,1
821,1.0,1
822,1.0,1
823,1.0,1
824,0.0,0
825,1.0,1
826,0.0,0
827,1.0,0
828,1.0,1
829,0.0,0
830,1.0,1
831,1.0,1
832,0.0,1
833,0.0,0
834,0.0,0
835,1.0,1
836,1.0,1
837,0.0,0
838,1.0,0
839,1.0,1
840,1.0,1
841,1.0,1
842,1.0,1
843,0.0,0
844,0.0,0
845,1.0,1
846,0.0,1
847,0.0,0
848,1.0,1
849,1.0,0
850,0.0,0
851,0.0,0
852,0.0,0
853,1.0,1
854,1.0,1
855,0.0,0
856,0.0,0
857,1.0,1
858,1.0,0
859,0.0,0
860,1.0,1
861,1.0,1
862,1.0,1
863,0.0,0
864,0.0,1
865,1.0,1
866,0.0,0
867,0.0,0
868,1.0,1
869,1.0,1
870,1.0,1
871,0.0,0
872,0.0,0
873,0.0,0
874,1.0,1
875,0.0,0
876,1.0,1
877,1.0,1
878,1.0,1
879,1.0,1
880,1.0,1
881,1.0,1
882,0.0,0
883,1.0,1
884,0.0,0
885,0.0,1
886,1.0,1
887,0.0,0
888,1.0,1
889,1.0,1
890,0.0,0
891,1.0,1
892,1.0,1
893,1.0,1
894,1.0,1
895,0.0,0
896,0.0,0
897,1.0,0
898,1.0,1
899,0.0,0
900,1.0,1
901,1.0,1
902,1.0,1
903,1.0,1
904,1.0,1
905,0.0,0
906,1.0,1
907,1.0,1
908,0.0,0
909,1.0,1
910,1.0,1
911,0.0,0
912,1.0,1
913,0.0,0
914,1.0,1
915,0.0,1
916,0.0,0
917,0.0,0
918,0.0,0
919,1.0,1
920,1.0,0
921,1.0,1
922,1.0,0
923,1.0,0
924,1.0,0
925,1.0,1
926,1.0,1
927,1.0,0
928,0.0,0
929,0.0,1
930,0.0,0
931,0.0,0
932,1.0,1
933,1.0,1
934,1.0,1
935,1.0,1
936,0.0,0
937,1.0,1
938,0.0,0
939,0.0,0
940,1.0,1
941,0.0,0
942,1.0,1
943,0.0,0
944,1.0,1
945,0.0,0
946,0.0,1
947,1.0,1
948,0.0,0
949,1.0,1
950,1.0,1
951,0.0,0
952,0.0,1
953,1.0,1
954,0.0,0
955,1.0,1
956,1.0,1
957,1.0,0
958,0.0,0
959,0.0,0
960,1.0,0
961,1.0,1
962,0.0,0
963,0.0,0
964,0.0,0
965,1.0,1
966,0.0,1
967,0.0,0
968,0.0,0
969,0.0,0
970,1.0,1
971,0.0,0
972,0.0,0
973,1.0,1
974,1.0,0
975,1.0,1
976,1.0,1
977,1.0,1
978,1.0,0
979,0.0,0
980,1.0,0
981,0.0,0
982,1.0,1
983,0.0,0
984,1.0,1
985,1.0,1
986,1.0,1
987,0.0,0
988,0.0,0
989,0.0,0
990,0.0,0
991,0.0,0
992,0.0,0
993,0.0,0
994,0.0,0
995,0.0,0
996,0.0,0
997,1.0,1
998,0.0,0
999,0.0,0
1000,1.0,0
1001,1.0,1
1002,1.0,1
1003,0.0,0
1004,1.0,1
1005,0.0,0
1006,1.0,1
1007,1.0,1
1008,1.0,1
1009,1.0,1
1010,1.0,1
1011,1.0,1
1012,1.0,0
1013,0.0,0
1014,1.0,0
1015,1.0,1
1016,0.0,1
1017,0.0,1
1018,1.0,1
1019,1.0,1
1020,1.0,1
1021,1.0,1
1022,0.0,0
1023,1.0,1
1024,1.0,1
1025,1.0,1
1026,0.0,0
1027,1.0,1
1028,1.0,0
1029,1.0,1
1030,0.0,0
1031,0.0,0
1032,1.0,1
1033,0.0,0
1034,0.0,0
1035,0.0,0
1036,0.0,0
1037,1.0,1
1038,0.0,0
1039,0.0,0
1040,0.0,1
1041,0.0,0
1042,0.0,0
1043,0.0,0
1044,1.0,1
1045,1.0,1
1046,1.0,1
1047,1.0,1
1048,0.0,0
1049,1.0,1
1050,1.0,0
1051,1.0,1
1052,0.0,0
1053,0.0,0
1054,1.0,0
1055,0.0,0
1056,0.0,0
1057,0.0,0
1058,0.0,0
1059,0.0,1
1060,1.0,1
1061,0.0,0
1062,1.0,1
1063,1.0,1
1064,1.0,1
1065,1.0,1
1066,0.0,0
1067,0.0,0
1068,1.0,1
1069,0.0,0
1070,1.0,1
1071,0.0,1
1072,1.0,1
1073,0.0,0
1074,1.0,1
1075,0.0,1
1076,0.0,0
1077,1.0,0
1078,0.0,0
1079,0.0,0
1080,1.0,1
1081,1.0,0
1082,0.0,0
1083,1.0,1
1084,0.0,0
1085,1.0,0
1086,1.0,0
1087,0.0,0
1088,1.0,1
1089,1.0,1
1090,0.0,0
1091,0.0,0
1092,1.0,1
1093,1.0,1
1094,1.0,0
1095,1.0,0
1096,1.0,0
1097,1.0,1
1098,0.0,0
1099,1.0,0
1100,0.0,0
1101,0.0,0
1102,0.0,0
1103,1.0,1
1104,0.0,0
1105,1.0,1
1106,0.0,0
1107,1.0,1
1108,0.0,0
1109,0.0,0
1110,0.0,0
1111,1.0,0
1112,1.0,1
1113,1.0,1
1114,1.0,1
1115,1.0,1
1116,1.0,1
1117,0.0,0
1118,0.0,0
1119,0.0,0
1120,0.0,0
1121,0.0,0
1122,1.0,1
1123,0.0,0
1124,1.0,1
1125,0.0,0
1126,1.0,1
1127,1.0,1
1128,0.0,1
1129,1.0,1
1130,1.0,1
1131,1.0,0
1132,1.0,1
1133,1.0,1
1134,0.0,0
1135,0.0,0
1136,1.0,1
1137,0.0,1
1138,1.0,1
1139,0.0,0
1140,0.0,0
1141,1.0,1
1142,0.0,0
1143,1.0,1
1144,1.0,1
1145,1.0,1
1146,1.0,0
1147,0.0,1
1148,0.0,0
1149,1.0,1
1150,0.0,0
1151,1.0,1
1152,1.0,1
1153,0.0,0
1154,1.0,1
1155,0.0,0
1156,1.0,0
1157,0.0,0
1158,1.0,1
1159,1.0,1
1160,1.0,1
1161,0.0,0
1162,0.0,1
1163,1.0,1
1164,0.0,0
1165,1.0,1
1166,1.0,1
1167,1.0,1
1168,1.0,1
1169,1.0,1
1170,0.0,0
1171,0.0,0
1172,1.0,1
1173,1.0,1
1174,0.0,0
1175,1.0,1
1176,0.0,0
1177,0.0,0
1178,1.0,0
1179,1.0,1
1180,0.0,0
1181,1.0,1
1182,1.0,1
1183,0.0,1
1184,1.0,1
1185,0.0,0
1186,1.0,1
1187,1.0,1
1188,0.0,0
1189,1.0,1
1190,1.0,1
1191,0.0,0
1192,0.0,0
1193,0.0,0
1194,1.0,1
1195,1.0,1
1196,1.0,1
1197,1.0,1
1198,0.0,0
1199,0.0,0
1200,1.0,1
1201,1.0,1
1202,1.0,1
1203,1.0,1
1204,0.0,0
1205,0.0,0
1206,1.0,1
1207,0.0,0
1208,1.0,1
1209,1.0,1
1210,1.0,1
1211,0.0,0
1212,1.0,1
1213,1.0,1
1214,1.0,0
1215,1.0,1
1216,1.0,1
1217,0.0,0
1218,1.0,1
1219,0.0,0
1220,0.0,0
1221,1.0,1
1222,0.0,0
1223,1.0,1
1224,0.0,0
1225,1.0,1
1226,0.0,0
1227,0.0,0
1228,0.0,0
1229,1.0,0
1230,1.0,1
1231,0.0,0
1232,1.0,1
1233,1.0,1
1234,0.0,0
1235,0.0,0
1236,0.0,0
1237,1.0,1
1238,1.0,1
1239,1.0,1
1240,0.0,0
1241,1.0,1
1242,1.0,0
1243,1.0,0
1244,0.0,0
1245,0.0,0
1246,0.0,0
1247,0.0,0
1248,1.0,0
1249,0.0,0
1250,0.0,0
1251,0.0,1
1252,1.0,1
1253,1.0,1
1254,1.0,1
1255,1.0,1
1256,1.0,0
1257,1.0,1
1258,1.0,0
1259,0.0,0
1260,1.0,1
1261,1.0,1
1262,1.0,1
1263,1.0,1
1264,0.0,0
1265,0.0,0
1266,1.0,1
1267,1.0,1
1268,1.0,1
1269,1.0,1
1270,0.0,0
1271,1.0,1
1272,1.0,0
1273,0.0,0
1274,0.0,0
1275,1.0,1
1276,0.0,0
1277,0.0,0
1278,1.0,1
1279,0.0,0
1280,1.0,1
1281,0.0,0
1282,0.0,0
1283,1.0,1
1284,0.0,1
1285,1.0,1
1286,1.0,1
1287,0.0,1
1288,1.0,1
1289,1.0,1
1290,0.0,0
1291,0.0,1
1292,1.0,1
1293,0.0,0
1294,1.0,1
1295,1.0,1
1296,1.0,1
1297,0.0,0
1298,0.0,0
1299,1.0,1
1300,0.0,0
1301,0.0,0
1302,1.0,1
1303,0.0,0
1304,0.0,0
1305,1.0,1
1306,0.0,0
1307,0.0,0
1308,1.0,0
1309,0.0,0
1310,0.0,0
1311,1.0,1
1312,1.0,1
1313,1.0,1
1314,0.0,0
1315,1.0,1
1316,1.0,1
1317,1.0,1
1318,0.0,0
1319,0.0,0
1320,0.0,0
1321,1.0,1
1322,1.0,1
1323,1.0,1
1324,0.0,0
1325,0.0,0
1326,1.0,1
1327,0.0,0
1328,1.0,1
1329,0.0,0
1330,1.0,1
1331,1.0,1
1332,1.0,1
1333,1.0,1
1334,1.0,1
1335,1.0,1
1336,1.0,1
1337,0.0,0
1338,0.0,0
1339,1.0,1
1340,0.0,0
1341,0.0,0
1342,0.0,0
1343,0.0,0
1344,1.0,1
1345,0.0,0
1346,0.0,0
1347,1.0,1
1348,1.0,1
1349,0.0,0
1350,0.0,0
1351,0.0,0
1352,0.0,0
1353,1.0,1
1354,0.0,0
1355,1.0,0
1356,0.0,0
1357,1.0,1
1358,1.0,1
1359,1.0,0
1360,0.0,0
1361,0.0,0
1362,0.0,0
1363,0.0,0
1364,1.0,1
1365,0.0,0
1366,1.0,1
1367,1.0,1
1368,1.0,1
1369,0.0,0
1370,1.0,0
1371,1.0,0
1372,1.0,1
1373,0.0,1
1374,1.0,1
1375,0.0,0
1376,0.0,1
1377,1.0,1
1378,1.0,0
1379,0.0,0
1380,1.0,0
1381,0.0,0
1382,0.0,0
1383,1.0,1
1384,1.0,1
1385,1.0,1
1386,1.0,1
1387,0.0,0
1388,0.0,0
1389,0.0,0
1390,1.0,1
1391,1.0,1
1392,0.0,0
1393,1.0,0
1394,1.0,1
1395,1.0,1
1396,1.0,1
1397,1.0,1
1398,1.0,1
1399,1.0,1
1400,1.0,0
1401,0.0,1
1402,1.0,1
1403,1.0,1
1404,1.0,1
1405,0.0,1
1406,1.0,1
1407,0.0,0
1408,1.0,1
1409,0.0,0
1410,0.0,0
1411,0.0,0
1412,1.0,1
1413,0.0,0
1414,0.0,0
1415,0.0,0
1416,0.0,0
1417,1.0,1
1418,1.0,1
1419,1.0,1
1420,1.0,1
1421,0.0,0
1422,1.0,0
1423,1.0,1
1424,1.0,1
1425,1.0,1
1426,0.0,0
1427,0.0,1
1428,1.0,1
1429,0.0,0
1430,0.0,0
1431,1.0,0
1432,1.0,1
1433,1.0,1
1434,1.0,1
1435,1.0,1
1436,0.0,0
1437,0.0,0
1438,1.0,1
1439,1.0,1
1440,0.0,0
1441,1.0,1
1442,1.0,1
1443,0.0,0
1444,1.0,1
1445,1.0,1
1446,0.0,0
1447,0.0,0
1448,0.0,0
1449,1.0,1
1450,1.0,1
1451,0.0,0
1452,0.0,0
1453,0.0,0
1454,0.0,0
1455,0.0,0
1456,0.0,0
1457,0.0,0
1458,1.0,1
1459,0.0,0
1460,0.0,0
1461,0.0,0
1462,0.0,0
1463,1.0,1
1464,1.0,0
1465,0.0,0
1466,1.0,0
1467,0.0,0
1468,1.0,1
1469,1.0,1
1470,0.0,0
1471,1.0,1
1472,0.0,0
1473,1.0,1
1474,1.0,0
1475,0.0,0
1476,1.0,0
1477,0.0,0
1478,0.0,0
1479,1.0,1
1480,1.0,1
1481,1.0,1
1482,1.0,1
1483,0.0,0
1484,0.0,0
1485,0.0,0
1486,1.0,1
1487,0.0,0
1488,1.0,1
1489,0.0,0
1490,1.0,1
1491,1.0,1
1492,1.0,1
1493,1.0,1
1494,0.0,0
1495,1.0,1
1496,1.0,1
1497,1.0,1
1498,1.0,1
1499,0.0,0
1500,1.0,1
1501,0.0,0
1502,0.0,0
1503,0.0,0
1504,1.0,1
1505,1.0,0
1506,1.0,1
1507,1.0,1
1508,0.0,0
1509,1.0,1
1510,0.0,0
1511,1.0,1
1512,0.0,0
1513,1.0,1
1514,0.0,0
1515,1.0,1
1516,0.0,1
1517,0.0,1
1518,0.0,0
1519,1.0,1
1520,1.0,1
1521,0.0,0
1522,0.0,0
1523,0.0,0
1524,1.0,1
1525,1.0,1
1526,1.0,0
1527,1.0,0
1528,1.0,1
1529,1.0,1
1530,0.0,0
1531,1.0,1
1532,1.0,1
1533,0.0,1
1534,1.0,1
1535,1.0,1
1536,1.0,1
1537,0.0,0
1538,0.0,0
1539,1.0,1
1540,1.0,1
1541,1.0,1
1542,1.0,1
1543,1.0,1
1544,1.0,1
1545,1.0,1
1546,1.0,1
1547,0.0,0
1548,1.0,1
1549,0.0,0
1550,0.0,0
1551,1.0,1
1552,0.0,0
1553,1.0,1
1554,0.0,0
1555,0.0,0
1556,1.0,1
1557,0.0,0
1558,0.0,0
1559,1.0,1
1560,0.0,0
1561,0.0,0
1562,0.0,0
1563,1.0,1
1564,0.0,1
1565,0.0,0
1566,0.0,0
1567,0.0,0
1568,1.0,1
1569,0.0,0
1570,0.0,0
1571,0.0,0
1572,0.0,0
1573,0.0,0
1574,1.0,1
1575,1.0,1
1576,1.0,1
1577,1.0,1
1578,1.0,1
1579,0.0,0
1580,0.0,0
1581,1.0,1
1582,0.0,0
1583,0.0,0
1584,0.0,0
1585,1.0,1
1586,0.0,1
1587,0.0,0
1588,0.0,0
1589,0.0,0
1590,1.0,1
1591,1.0,1
1592,1.0,1
1593,1.0,1
1594,0.0,0
1595,1.0,1
1596,0.0,0
1597,0.0,0
1598,1.0,1
1599,1.0,1
1600,1.0,1
1601,1.0,1
1602,1.0,1
1603,1.0,0
1604,0.0,0
1605,0.0,0
1606,0.0,0
1607,0.0,0
1608,1.0,1
1609,0.0,0
1610,0.0,0
1611,0.0,0
1612,1.0,1
1613,1.0,1
1614,1.0,1
1615,1.0,1
1616,0.0,0
1617,0.0,0
1618,0.0,0
1619,1.0,0
1620,1.0,1
1621,0.0,0
1622,1.0,1
1623,1.0,0
1624,0.0,0
1625,0.0,0
1626,0.0,1
1627,0.0,0
1628,0.0,1
1629,1.0,0
1630,0.0,0
1631,0.0,0
1632,1.0,1
1633,0.0,1
1634,0.0,0
1635,1.0,1
1636,0.0,0
1637,0.0,0
1638,0.0,0
1639,0.0,0
1640,0.0,1
1641,0.0,0
1642,1.0,1
1643,0.0,1
1644,0.0,1
1645,0.0,0
1646,0.0,1
1647,0.0,0
1648,0.0,0
1649,1.0,1
1650,1.0,1
1651,1.0,1
1652,0.0,0
1653,1.0,1
1654,1.0,1
1655,0.0,0
1656,1.0,1
1657,1.0,1
1658,0.0,1
1659,1.0,1
1660,1.0,1
1661,1.0,1
1662,0.0,1
1663,0.0,1
1664,0.0,0
1665,0.0,0
1666,0.0,0
1667,0.0,0
1668,0.0,0
1669,0.0,0
1670,1.0,1
1671,1.0,1
1672,1.0,1
1673,0.0,0
1674,1.0,1
1675,0.0,0
1676,0.0,0
1677,1.0,0
1678,0.0,1
1679,0.0,1
1680,0.0,0
1681,1.0,1
1682,1.0,1
1683,0.0,0
1684,0.0,0
1685,1.0,1
1686,1.0,1
1687,0.0,1
1688,1.0,0
1689,1.0,1
1690,1.0,1
1691,1.0,1
1692,0.0,0
1693,0.0,0
1694,1.0,1
1695,1.0,1
1696,1.0,0
1697,0.0,0
1698,1.0,1
1699,1.0,1
1700,0.0,0
1701,0.0,1
1702,0.0,1
1703,0.0,0
1704,1.0,1
1705,0.0,0
1706,0.0,0
1707,1.0,1
1708,1.0,0
1709,1.0,1
1710,1.0,1
1711,0.0,0
1712,1.0,1
1713,0.0,0
1714,0.0,0
1715,1.0,0
1716,1.0,1
1717,0.0,0
1718,1.0,1
1719,0.0,0
1720,0.0,1
1721,1.0,0
1722,1.0,1
1723,1.0,1
1724,1.0,1
1725,0.0,0
1726,0.0,0
1727,0.0,0
1728,1.0,0
1729,1.0,1
1730,0.0,0
1731,1.0,0
1732,1.0,1
1733,1.0,1
1734,0.0,0
1735,0.0,1
1736,1.0,1
1737,1.0,1
1738,1.0,1
1739,0.0,0
1740,0.0,0
1741,0.0,0
1742,0.0,0
1743,0.0,0
1744,1.0,1
1745,0.0,0
1746,1.0,1
1747,0.0,0
1748,0.0,0
1749,1.0,1
1750,1.0,1
1751,0.0,0
1752,1.0,1
1753,0.0,0
1754,0.0,0
1755,0.0,1
1756,1.0,0
1757,1.0,1
1758,1.0,0
1759,1.0,1
1760,0.0,1
1761,0.0,0
1762,1.0,0
1763,1.0,1
1764,0.0,1
1765,0.0,1
1766,0.0,0
1767,1.0,1
1768,1.0,1
1769,1.0,0
1770,1.0,0
1771,0.0,1
1772,1.0,1
1773,1.0,1
1774,1.0,1
1775,0.0,0
1776,1.0,1
1777,0.0,1
1778,0.0,0
1779,1.0,1
1780,0.0,1
1781,0.0,1
1782,1.0,0
1783,1.0,1
1784,1.0,0
1785,1.0,0
1786,0.0,1
1787,1.0,0
1788,1.0,0
1789,0.0,0
1790,0.0,1
1791,1.0,0
1792,0.0,1
1793,1.0,0
1794,0.0,1
1795,1.0,0
1796,1.0,0
1797,0.0,1
1798,1.0,0
1799,1.0,0
1800,0.0,1
1801,1.0,0
1802,0.0,1
1803,1.0,0
1804,0.0,1
1805,1.0,1
1806,0.0,1
1807,1.0,0
1808,1.0,0
1809,0.0,1
1810,0.0,1
1811,0.0,1
1812,1.0,0
1813,1.0,0
1814,1.0,0
1815,1.0,0
1816,1.0,0
1817,1.0,0
1818,0.0,1
1819,0.0,0
1820,0.0,1
1821,1.0,0
1822,0.0,1
1823,0.0,0
1824,1.0,0
1825,1.0,0
1826,1.0,0
1827,0.0,1
1828,0.0,1
1829,1.0,1
1830,1.0,0
1831,1.0,0
1832,0.0,1
1833,0.0,1
1834,0.0,1
1835,0.0,0
1836,1.0,1
1837,1.0,1
1838,1.0,0
1839,1.0,0
1840,1.0,1
1841,1.0,0
1842,1.0,1
1843,1.0,0
1844,1.0,0
1845,1.0,0
1846,1.0,0
1847,1.0,0
1848,1.0,0
1849,1.0,0
1850,1.0,0
1851,1.0,0
1852,1.0,1
1853,0.0,0
1854,1.0,0
1855,1.0,0
1856,1.0,0
1857,1.0,1
1858,1.0,0
1859,0.0,0
1860,1.0,1
1861,1.0,0
1862,1.0,0
1863,1.0,1
1864,0.0,1
1865,1.0,0
1866,0.0,1
1867,0.0,1
1868,1.0,1
1869,0.0,0
1870,1.0,1
1871,1.0,0
1872,1.0,1
1873,1.0,1
1874,0.0,1
1875,1.0,1
1876,0.0,0
1877,0.0,1
1878,0.0,1
1879,0.0,0
1880,0.0,0
1881,0.0,0
1882,0.0,0
1883,0.0,1
1884,1.0,0
1885,0.0,0
1886,0.0,1
1887,0.0,1
1888,0.0,1
1889,0.0,0
1890,0.0,0
1891,0.0,0
1892,1.0,1
1893,0.0,0
1894,0.0,1
1895,1.0,1
1896,0.0,0
1897,0.0,1
1898,1.0,1
1899,1.0,0
1900,0.0,1
1901,1.0,0
1902,1.0,1
1903,0.0,0
1904,0.0,0
1905,0.0,1
1906,0.0,0
1907,0.0,0
1908,0.0,1
1909,0.0,0
1910,1.0,0
1911,0.0,0
1912,0.0,0
1913,0.0,0
1914,0.0,0
1915,0.0,0
1916,1.0,1
1917,0.0,0
1918,1.0,1
1919,0.0,0
1920,0.0,1
1921,0.0,1
1922,0.0,0
1923,1.0,0
1924,1.0,1
1925,1.0,1
1926,0.0,1
1927,1.0,1
1928,0.0,1
1929,0.0,0
1930,0.0,0
1931,1.0,1
1932,0.0,0
1933,1.0,0
1934,0.0,0
1935,1.0,1
1936,1.0,0
1937,0.0,0
1938,1.0,1
1939,1.0,1
1940,0.0,0
1941,0.0,0
1942,0.0,0
1943,0.0,0
1944,1.0,0
1945,0.0,1
1946,0.0,0
1947,1.0,1
1948,0.0,0
1949,1.0,1
1950,1.0,1
1951,1.0,1
1952,1.0,1
1953,1.0,0
1954,1.0,0
1955,0.0,0
1956,0.0,0
1957,0.0,0
1958,0.0,1
1959,0.0,0
1960,1.0,1
1961,0.0,0
1962,0.0,0
1963,1.0,0
1964,0.0,0
1965,0.0,1
1966,0.0,0
1967,0.0,0
1968,0.0,1
1969,0.0,1
1970,0.0,0
1971,0.0,1
1972,0.0,1
1973,0.0,0
1974,0.0,1
1975,1.0,1
1976,0.0,1
1977,0.0,0
1978,1.0,1
1979,0.0,0
1980,1.0,1
1981,1.0,1
1982,1.0,0
1983,0.0,0
1984,0.0,0
1985,1.0,1
1986,1.0,1
1987,0.0,1
1988,0.0,1
1989,1.0,0
1990,0.0,0
1991,0.0,1
1992,0.0,0
1993,1.0,1
1994,0.0,1
1995,0.0,1
1996,1.0,1
1997,1.0,1
1998,0.0,1
1999,1.0,0
2000,1.0,1
2001,1.0,1
2002,0.0,1
2003,0.0,0
2004,0.0,1
2005,0.0,0
2006,1.0,1
2007,0.0,0
2008,1.0,1
2009,0.0,0
2010,0.0,1
2011,0.0,0
2012,0.0,0
2013,1.0,0
2014,1.0,0
2015,0.0,1
2016,0.0,0
2017,0.0,1
2018,0.0,1
2019,1.0,0
2020,1.0,1
2021,0.0,0
2022,1.0,1
2023,0.0,0
2024,0.0,0
2025,0.0,0
2026,0.0,0
2027,0.0,0
2028,0.0,0
2029,0.0,0
2030,0.0,1
2031,0.0,0
2032,0.0,0
2033,0.0,1
2034,1.0,0
2035,0.0,0
2036,1.0,1
2037,0.0,1
2038,1.0,0
2039,0.0,1
2040,1.0,1
2041,1.0,1
2042,1.0,1
2043,0.0,0
2044,1.0,1
2045,1.0,1
2046,1.0,1
2047,0.0,0
2048,1.0,1
2049,1.0,1
2050,0.0,0
2051,0.0,1
2052,0.0,0
2053,1.0,0
2054,0.0,0
2055,1.0,1
2056,0.0,0
2057,0.0,0
2058,1.0,1
2059,1.0,1
2060,1.0,0
2061,0.0,0
2062,0.0,0
2063,1.0,0
2064,0.0,1
2065,1.0,1
2066,1.0,1
2067,1.0,1
2068,0.0,1
2069,0.0,0
2070,1.0,1
2071,1.0,1
2072,0.0,0
2073,1.0,1
2074,0.0,0
2075,1.0,1
2076,1.0,1
2077,0.0,0
2078,0.0,0
2079,0.0,0
2080,0.0,0
2081,0.0,0
2082,1.0,1
2083,1.0,1
2084,1.0,1
2085,0.0,0
2086,0.0,0
2087,0.0,0
2088,1.0,1
2089,1.0,1
2090,0.0,0
2091,0.0,0
2092,0.0,0
2093,1.0,1
2094,0.0,0
2095,0.0,1
2096,1.0,1
2097,0.0,0
2098,0.0,0
2099,1.0,1
2100,0.0,0
2101,1.0,1
2102,1.0,1
2103,0.0,0
2104,1.0,1
2105,0.0,0
2106,1.0,1
2107,1.0,1
2108,1.0,1
2109,1.0,1
2110,1.0,1
2111,1.0,1
2112,0.0,0
2113,1.0,0
2114,0.0,0
2115,0.0,0
2116,0.0,0
2117,0.0,0
2118,0.0,0
2119,0.0,0
2120,0.0,0
2121,0.0,0
2122,0.0,0
2123,1.0,1
2124,0.0,1
2125,0.0,0
2126,1.0,1
2127,0.0,1
2128,0.0,0
2129,1.0,1
2130,0.0,0
2131,0.0,0
2132,1.0,1
2133,1.0,1
2134,1.0,1
2135,1.0,1
2136,0.0,0
2137,1.0,1
2138,1.0,1
2139,1.0,1
2140,0.0,0
2141,1.0,1
2142,1.0,0
2143,0.0,0
2144,0.0,0
2145,0.0,0
2146,1.0,1
2147,1.0,1
2148,0.0,0
2149,0.0,0
2150,0.0,0
2151,1.0,0
2152,0.0,0
2153,0.0,0
2154,0.0,0
2155,1.0,1
2156,0.0,1
2157,1.0,0
2158,0.0,0
2159,1.0,1
2160,1.0,1
2161,0.0,0
2162,0.0,0
2163,1.0,0
2164,1.0,1
2165,0.0,0
2166,1.0,1
2167,1.0,1
2168,0.0,0
2169,1.0,1
2170,0.0,1
2171,0.0,0
2172,1.0,1
2173,1.0,0
2174,1.0,1
2175,0.0,1
2176,1.0,1
2177,0.0,0
2178,0.0,0
2179,1.0,1
2180,0.0,0
2181,0.0,0
2182,1.0,1
2183,0.0,0
2184,1.0,1
2185,0.0,0
2186,1.0,1
2187,0.0,0
2188,1.0,1
2189,1.0,1
2190,0.0,0
2191,0.0,0
2192,1.0,1
2193,1.0,1
2194,0.0,0
2195,1.0,1
2196,1.0,1
2197,1.0,1
2198,0.0,1
2199,0.0,0
2200,1.0,1
2201,1.0,1
2202,1.0,1
2203,1.0,0
2204,0.0,1
2205,0.0,0
2206,0.0,0
2207,0.0,0
2208,0.0,0
2209,1.0,1
2210,1.0,1
2211,1.0,1
2212,0.0,0
2213,1.0,1
2214,0.0,0
2215,0.0,0
2216,0.0,0
2217,1.0,1
2218,1.0,1
2219,0.0,0
2220,0.0,1
2221,0.0,0
2222,0.0,0
2223,1.0,1
2224,0.0,0
2225,0.0,0
2226,0.0,0
2227,0.0,0
2228,0.0,0
2229,0.0,0
2230,1.0,1
2231,1.0,1
2232,1.0,1
2233,1.0,1
2234,0.0,0
2235,0.0,0
2236,1.0,0
2237,0.0,0
2238,1.0,1
2239,1.0,1
2240,1.0,1
2241,1.0,1
2242,0.0,1
2243,0.0,0
2244,1.0,0
2245,1.0,1
2246,0.0,0
2247,0.0,0
2248,1.0,1
2249,1.0,1
2250,1.0,1
2251,1.0,1
2252,0.0,1
2253,0.0,1
2254,1.0,1
2255,0.0,0
2256,0.0,0
2257,1.0,1
2258,1.0,1
2259,0.0,0
2260,0.0,0
2261,1.0,1
2262,1.0,1
2263,0.0,0
2264,0.0,0
2265,0.0,1
2266,0.0,0
2267,0.0,0
2268,1.0,1
2269,0.0,0
2270,1.0,1
2271,0.0,0
2272,0.0,1
2273,1.0,1
2274,0.0,0
2275,1.0,1
2276,0.0,1
2277,1.0,1
2278,0.0,0
2279,1.0,0
2280,1.0,0
2281,0.0,0
2282,1.0,1
2283,1.0,0
2284,0.0,0
2285,1.0,1
2286,1.0,1
2287,1.0,1
2288,0.0,0
2289,0.0,0
2290,0.0,0
2291,1.0,1
2292,0.0,0
2293,0.0,0
2294,0.0,1
2295,1.0,1
2296,1.0,1
2297,1.0,1
2298,0.0,0
2299,0.0,0
2300,0.0,0
2301,0.0,0
2302,0.0,0
2303,0.0,0
2304,0.0,1
2305,1.0,1
2306,1.0,1
2307,1.0,1
2308,0.0,0
2309,1.0,1
2310,1.0,1
2311,0.0,0
2312,1.0,0
2313,0.0,0
2314,0.0,0
2315,1.0,1
2316,0.0,0
2317,1.0,1
2318,0.0,0
2319,1.0,1
2320,1.0,1
2321,0.0,0
2322,1.0,1
2323,1.0,1
2324,1.0,1
2325,0.0,0
2326,0.0,0
2327,1.0,1
2328,0.0,0
2329,0.0,0
2330,1.0,1
2331,1.0,1
2332,0.0,0
2333,0.0,0
2334,0.0,0
2335,0.0,0
2336,0.0,0
2337,1.0,1
2338,1.0,1
2339,0.0,0
2340,1.0,1
2341,0.0,1
2342,0.0,0
2343,1.0,1
2344,0.0,0
2345,0.0,0
2346,1.0,1
2347,0.0,0
2348,0.0,0
2349,0.0,0
2350,0.0,0
2351,0.0,1
2352,1.0,1
2353,0.0,0
2354,0.0,0
2355,0.0,0
2356,1.0,1
2357,1.0,1
2358,0.0,0
2359,0.0,0
2360,0.0,0
2361,0.0,0
2362,0.0,0
2363,1.0,1
2364,1.0,1
2365,0.0,0
2366,0.0,0
2367,1.0,1
2368,0.0,0
2369,0.0,0
2370,1.0,1
2371,1.0,0
2372,1.0,1
2373,1.0,1
2374,0.0,0
2375,1.0,1
2376,1.0,1
2377,1.0,1
2378,0.0,0
2379,0.0,0
2380,0.0,0
2381,1.0,1
2382,1.0,1
2383,1.0,1
2384,0.0,0
2385,1.0,1
2386,1.0,0
2387,0.0,0
2388,1.0,1
2389,0.0,1
2390,1.0,1
2391,0.0,0
2392,1.0,1
2393,1.0,1
2394,0.0,0
2395,1.0,1
2396,0.0,1
2397,0.0,0
2398,0.0,0
2399,1.0,1
2400,0.0,0
2401,1.0,0
2402,1.0,1
2403,0.0,0
2404,1.0,1
2405,0.0,0
2406,0.0,0
2407,1.0,1
2408,1.0,1
2409,0.0,0
2410,0.0,0
2411,0.0,0
2412,0.0,0
2413,0.0,0
2414,0.0,0
2415,1.0,1
2416,1.0,1
2417,1.0,1
2418,1.0,1
2419,0.0,0
2420,0.0,0
2421,1.0,1
2422,1.0,1
2423,0.0,0
2424,1.0,1
2425,1.0,1
2426,1.0,1
2427,1.0,1
2428,0.0,1
2429,1.0,1
2430,0.0,1
2431,1.0,1
2432,1.0,1
2433,0.0,0
2434,1.0,1
2435,1.0,1
2436,0.0,0
2437,1.0,1
2438,0.0,0
2439,1.0,1
2440,0.0,0
2441,1.0,1
2442,0.0,0
2443,1.0,1
2444,1.0,0
2445,1.0,0
2446,1.0,1
2447,0.0,0
2448,0.0,0
2449,0.0,0
2450,1.0,1
2451,0.0,0
2452,0.0,0
2453,0.0,0
2454,1.0,1
2455,0.0,0
2456,0.0,0
2457,0.0,0
2458,1.0,1
2459,0.0,1
2460,1.0,1
2461,1.0,1
2462,0.0,0
2463,1.0,1
2464,1.0,1
2465,1.0,1
2466,0.0,1
2467,1.0,1
2468,0.0,0
2469,1.0,1
2470,0.0,0
2471,0.0,1
2472,1.0,1
2473,0.0,0
2474,0.0,0
2475,1.0,1
2476,1.0,1
2477,0.0,0
2478,0.0,0
2479,1.0,1
2480,0.0,0
2481,0.0,0
2482,1.0,1
2483,1.0,1
2484,1.0,1
2485,1.0,1
2486,0.0,0
2487,0.0,0
2488,0.0,0
2489,1.0,0
2490,1.0,1
2491,1.0,1
2492,1.0,1
2493,0.0,0
2494,0.0,0
2495,0.0,0
2496,1.0,1
2497,0.0,0
2498,1.0,1
2499,0.0,0
2500,0.0,0
2501,0.0,0
2502,0.0,0
2503,1.0,1
2504,1.0,1
2505,0.0,0
2506,1.0,1
2507,1.0,0
2508,1.0,1
2509,0.0,0
2510,1.0,1
2511,1.0,1
2512,0.0,0
2513,1.0,1
2514,1.0,1
2515,1.0,1
2516,1.0,1
2517,1.0,1
2518,0.0,0
2519,0.0,0
2520,1.0,0
2521,1.0,1
2522,0.0,0
2523,0.0,0
2524,1.0,1
2525,0.0,0
2526,0.0,0
2527,0.0,0
2528,1.0,1
2529,0.0,0
2530,1.0,1
2531,1.0,1
2532,0.0,0
2533,1.0,1
2534,0.0,0
2535,1.0,1
2536,1.0,1
2537,0.0,0
2538,0.0,0
2539,0.0,0
2540,0.0,0
2541,1.0,1
2542,1.0,1
2543,1.0,1
2544,1.0,1
2545,1.0,1
2546,1.0,1
2547,1.0,1
2548,1.0,1
2549,0.0,0
2550,1.0,1
2551,1.0,1
2552,1.0,0
2553,1.0,1
2554,0.0,0
2555,1.0,1
2556,1.0,1
2557,1.0,1
2558,1.0,1
2559,0.0,0
2560,1.0,1
2561,1.0,1
2562,1.0,1
2563,0.0,0
2564,0.0,0
2565,0.0,0
2566,1.0,1
2567,1.0,1
2568,0.0,0
2569,0.0,0
2570,1.0,1
2571,1.0,1
2572,1.0,1
2573,1.0,0
2574,1.0,1
2575,0.0,1
2576,0.0,0
2577,0.0,0
2578,0.0,0
2579,0.0,0
2580,1.0,1
2581,1.0,1
2582,0.0,0
2583,0.0,0
2584,0.0,0
2585,1.0,1
2586,1.0,1
2587,0.0,0
2588,1.0,1
2589,1.0,1
2590,0.0,1
2591,0.0,0
2592,0.0,0
2593,0.0,0
2594,0.0,0
2595,1.0,1
2596,1.0,1
2597,0.0,0
2598,1.0,1
2599,0.0,0
2600,1.0,1
2601,1.0,1
2602,0.0,0
2603,0.0,0
2604,1.0,1
2605,0.0,0
2606,1.0,0
2607,0.0,0
2608,0.0,0
2609,1.0,1
2610,0.0,0
2611,1.0,1
2612,0.0,0
2613,0.0,0
2614,1.0,1
2615,1.0,1
2616,0.0,0
2617,0.0,0
2618,0.0,0
2619,1.0,1
2620,0.0,0
2621,0.0,0
2622,0.0,0
2623,1.0,1
2624,0.0,1
2625,0.0,0
2626,0.0,0
2627,1.0,1
2628,1.0,1
2629,0.0,0
2630,1.0,0
2631,0.0,0
2632,0.0,0
2633,0.0,0
2634,0.0,0
2635,0.0,0
2636,0.0,0
2637,0.0,0
2638,0.0,0
2639,1.0,1
2640,0.0,0
2641,0.0,0
2642,0.0,0
2643,1.0,1
2644,0.0,0
2645,1.0,1
2646,1.0,1
2647,1.0,1
2648,0.0,0
2649,1.0,1
2650,1.0,1
2651,1.0,0
2652,1.0,1
2653,1.0,1
2654,1.0,1
2655,0.0,0
2656,1.0,1
2657,1.0,1
2658,0.0,0
2659,1.0,1
2660,1.0,1
2661,0.0,0
2662,1.0,0
2663,0.0,1
2664,0.0,0
2665,1.0,1
2666,1.0,1
2667,0.0,0
2668,1.0,1
2669,1.0,1
2670,0.0,0
2671,1.0,1
2672,0.0,0
2673,1.0,1
2674,0.0,0
2675,1.0,1
2676,1.0,1
2677,0.0,0
2678,1.0,1
2679,1.0,1
2680,1.0,1
2681,0.0,0
2682,1.0,1
2683,1.0,1
2684,0.0,0
2685,1.0,1
2686,0.0,0
2687,0.0,0
2688,0.0,1
2689,1.0,1
2690,1.0,1
2691,1.0,1
2692,1.0,0
2693,1.0,1
2694,1.0,1
2695,1.0,1
2696,0.0,0
2697,1.0,1
2698,0.0,0
2699,1.0,1
2700,0.0,0
2701,0.0,0
2702,1.0,1
2703,1.0,1
2704,0.0,0
2705,0.0,0
2706,0.0,0
2707,0.0,0
2708,1.0,1
2709,0.0,0
2710,1.0,1
2711,0.0,0
2712,0.0,0
2713,0.0,0
2714,1.0,1
2715,0.0,0
2716,0.0,0
2717,1.0,1
2718,0.0,1
2719,1.0,1
2720,1.0,1
2721,1.0,0
2722,0.0,0
2723,1.0,1
2724,1.0,0
2725,1.0,1
2726,1.0,1
2727,0.0,0
2728,0.0,0
2729,1.0,1
2730,0.0,0
2731,1.0,1
2732,1.0,1
2733,0.0,0
2734,1.0,1
2735,0.0,0
2736,0.0,1
2737,1.0,1
2738,1.0,1
2739,0.0,0
2740,0.0,0
2741,0.0,0
2742,1.0,1
2743,0.0,1
2744,0.0,0
2745,0.0,0
2746,1.0,1
2747,0.0,0
2748,1.0,1
2749,0.0,0
2750,1.0,1
2751,1.0,1
2752,0.0,0
2753,0.0,0
2754,0.0,0
2755,0.0,0
2756,0.0,0
2757,1.0,1
2758,0.0,0
2759,1.0,1
2760,1.0,1
2761,0.0,0
2762,0.0,0
2763,0.0,0
2764,1.0,0
2765,0.0,1
2766,1.0,1
2767,0.0,0
2768,0.0,1
2769,0.0,0
2770,1.0,0
2771,0.0,0
2772,0.0,0
2773,1.0,1
2774,0.0,0
2775,0.0,0
2776,1.0,1
2777,1.0,1
2778,0.0,0
2779,0.0,0
2780,1.0,0
2781,1.0,1
2782,1.0,1
2783,1.0,1
2784,1.0,0
2785,1.0,1
2786,1.0,1
2787,1.0,1
2788,0.0,0
2789,1.0,1
2790,1.0,1
2791,1.0,0
2792,0.0,1
2793,1.0,1
2794,1.0,0
2795,1.0,1
2796,1.0,1
2797,1.0,1
2798,1.0,1
2799,1.0,1
2800,1.0,1
2801,0.0,1
2802,1.0,1
2803,1.0,0
2804,0.0,0
2805,0.0,0
2806,1.0,1
2807,0.0,0
2808,1.0,1
2809,0.0,0
2810,1.0,1
2811,1.0,1
2812,0.0,0
2813,0.0,0
2814,1.0,1
2815,0.0,0
2816,0.0,0
2817,0.0,0
2818,0.0,1
2819,0.0,0
2820,0.0,0
2821,0.0,0
2822,0.0,1
2823,1.0,0
2824,0.0,0
2825,0.0,0
2826,0.0,0
2827,0.0,0
2828,1.0,1
2829,1.0,1
2830,1.0,1
2831,1.0,1
2832,0.0,0
2833,1.0,1
2834,1.0,0
2835,0.0,0
2836,0.0,0
2837,1.0,1
2838,0.0,0
2839,1.0,1
2840,1.0,1
2841,1.0,1
2842,1.0,1
2843,0.0,1
2844,0.0,0
2845,1.0,1
2846,1.0,0
2847,0.0,0
2848,1.0,1
2849,0.0,0
2850,1.0,1
2851,0.0,0
2852,1.0,0
2853,0.0,0
2854,1.0,1
2855,1.0,1
2856,1.0,1
2857,1.0,1
2858,0.0,0
2859,1.0,1
2860,1.0,0
2861,0.0,0
2862,0.0,0
2863,1.0,1
2864,1.0,1
2865,0.0,0
2866,1.0,1
2867,0.0,0
2868,0.0,0
2869,0.0,0
2870,1.0,1
2871,0.0,0
2872,0.0,0
2873,0.0,0
2874,0.0,0
2875,1.0,1
2876,0.0,0
2877,1.0,1
2878,0.0,0
2879,0.0,0
2880,1.0,0
2881,1.0,1
2882,0.0,0
2883,0.0,0
2884,1.0,1
2885,1.0,1
2886,0.0,0
2887,0.0,0
2888,0.0,1
2889,1.0,1
2890,0.0,1
2891,1.0,1
2892,1.0,1
2893,0.0,0
2894,1.0,0
2895,0.0,0
2896,0.0,0
2897,1.0,1
2898,0.0,0
2899,1.0,1
2900,0.0,0
2901,1.0,1
2902,0.0,0
2903,0.0,0
2904,1.0,1
2905,1.0,1
2906,0.0,0
2907,0.0,0
2908,0.0,0
2909,0.0,0
2910,0.0,0
2911,1.0,0
2912,0.0,0
2913,0.0,0
2914,1.0,0
2915,0.0,0
2916,1.0,1
2917,0.0,0
2918,0.0,1
2919,1.0,1
2920,1.0,1
2921,1.0,1
2922,0.0,0
2923,1.0,1
2924,1.0,1
2925,1.0,1
2926,1.0,1
2927,0.0,0
2928,0.0,0
2929,1.0,1
2930,1.0,1
2931,1.0,1
2932,0.0,0
2933,1.0,1
2934,1.0,1
2935,1.0,1
2936,1.0,1
2937,0.0,0
2938,1.0,1
2939,0.0,0
2940,0.0,0
2941,1.0,1
2942,0.0,1
2943,0.0,1
2944,0.0,0
2945,0.0,0
2946,0.0,0
2947,0.0,0
2948,0.0,0
2949,0.0,0
2950,0.0,1
2951,1.0,1
2952,1.0,1
2953,0.0,0
2954,1.0,1
2955,0.0,0
2956,1.0,1
2957,1.0,1
2958,1.0,1
2959,1.0,1
2960,1.0,1
2961,1.0,1
2962,1.0,1
2963,0.0,0
2964,0.0,1
2965,1.0,1
2966,1.0,1
2967,1.0,1
2968,0.0,0
2969,1.0,1
2970,0.0,0
2971,1.0,1
2972,1.0,1
2973,0.0,0
2974,1.0,1
2975,0.0,0
2976,0.0,0
2977,1.0,1
2978,1.0,1
2979,1.0,1
2980,1.0,1
2981,1.0,1
2982,1.0,1
2983,0.0,0
2984,1.0,1
2985,0.0,0
2986,0.0,0
2987,1.0,1
2988,1.0,1
2989,0.0,0
2990,0.0,0
2991,1.0,1
2992,0.0,0
2993,0.0,1
2994,1.0,1
2995,1.0,1
2996,0.0,0
2997,0.0,0
2998,1.0,1
2999,1.0,1
3000,1.0,0
3001,0.0,1
3002,1.0,1
3003,1.0,0
3004,1.0,1
3005,1.0,0
3006,1.0,1
3007,0.0,0
3008,1.0,1
3009,0.0,0
3010,0.0,0
3011,1.0,1
3012,0.0,0
3013,0.0,0
3014,0.0,0
3015,1.0,1
3016,1.0,1
3017,0.0,0
3018,0.0,0
3019,0.0,0
3020,0.0,0
3021,0.0,0
3022,0.0,0
3023,0.0,0
3024,0.0,0
3025,0.0,1
3026,1.0,1
3027,1.0,1
3028,1.0,0
3029,0.0,0
3030,0.0,0
3031,0.0,0
3032,1.0,0
3033,0.0,0
3034,1.0,1
3035,0.0,0
3036,1.0,1
3037,1.0,0
3038,1.0,1
3039,0.0,0
3040,0.0,0
3041,0.0,1
3042,1.0,1
3043,1.0,1
3044,1.0,1
3045,1.0,0
3046,1.0,1
3047,1.0,1
3048,1.0,1
3049,1.0,1
3050,1.0,0
3051,0.0,0
3052,0.0,0
3053,0.0,0
3054,0.0,0
3055,1.0,1
3056,1.0,1
3057,1.0,1
3058,1.0,1
3059,0.0,0
3060,0.0,0
3061,0.0,0
3062,0.0,0
3063,0.0,0
3064,0.0,1
3065,1.0,1
3066,1.0,1
3067,1.0,1
3068,0.0,0
3069,1.0,1
3070,1.0,0
3071,1.0,1
3072,0.0,0
3073,1.0,1
3074,1.0,1
3075,1.0,1
3076,0.0,0
3077,1.0,0
3078,1.0,1
3079,0.0,0
3080,0.0,0
3081,0.0,0
3082,1.0,1
3083,0.0,0
3084,1.0,1
3085,0.0,0
3086,1.0,1
3087,1.0,1
3088,1.0,1
3089,1.0,0
3090,1.0,1
3091,1.0,1
3092,0.0,0
3093,0.0,0
3094,0.0,0
3095,0.0,0
3096,1.0,1
3097,0.0,0
3098,1.0,0
3099,1.0,1
3100,1.0,0
3101,0.0,0
3102,1.0,0
3103,0.0,0
3104,0.0,0
3105,1.0,1
3106,0.0,0
3107,0.0,0
3108,1.0,1
3109,0.0,0
3110,1.0,1
3111,0.0,0
3112,0.0,0
3113,0.0,0
3114,1.0,1
3115,1.0,0
3116,0.0,0
3117,0.0,0
3118,1.0,1
3119,0.0,0
3120,1.0,1
3121,1.0,1
3122,0.0,0
3123,1.0,1
3124,0.0,0
3125,1.0,0
3126,0.0,0
3127,0.0,0
3128,1.0,1
3129,1.0,1
3130,1.0,1
3131,0.0,0
3132,1.0,1
3133,0.0,0
3134,1.0,1
3135,0.0,0
3136,0.0,0
3137,1.0,0
3138,0.0,0
3139,0.0,0
3140,1.0,1
3141,1.0,1
3142,1.0,0
3143,1.0,1
3144,1.0,1
3145,1.0,1
3146,0.0,0
3147,1.0,1
3148,0.0,0
3149,1.0,1
3150,1.0,1
3151,0.0,0
3152,1.0,1
3153,0.0,0
3154,1.0,1
3155,0.0,0
3156,1.0,1
3157,0.0,0
3158,1.0,1
3159,1.0,1
3160,0.0,0
3161,0.0,0
3162,0.0,0
3163,1.0,1
3164,1.0,1
3165,0.0,0
3166,1.0,1
3167,0.0,0
3168,1.0,1
3169,0.0,0
3170,1.0,1
3171,1.0,1
3172,1.0,1
3173,0.0,0
3174,0.0,0
3175,1.0,1
3176,1.0,1
3177,1.0,1
3178,1.0,1
3179,0.0,0
3180,0.0,0
3181,0.0,0
3182,1.0,1
3183,1.0,1
3184,0.0,0
3185,1.0,1
3186,0.0,0
3187,1.0,0
3188,1.0,1
3189,1.0,1
3190,1.0,1
3191,0.0,0
3192,1.0,1
3193,1.0,1
3194,0.0,0
3195,0.0,0
3196,1.0,1
3197,1.0,1
3198,1.0,1
3199,1.0,1
3200,1.0,1
3201,1.0,1
3202,0.0,0
3203,0.0,0
3204,0.0,0
3205,1.0,1
3206,0.0,0
3207,0.0,0
3208,1.0,1
3209,1.0,0
3210,1.0,1
3211,0.0,0
3212,0.0,0
3213,0.0,0
3214,0.0,1
3215,0.0,0
3216,1.0,1
3217,0.0,0
3218,0.0,1
3219,1.0,1
3220,0.0,0
3221,1.0,1
3222,0.0,0
3223,0.0,1
3224,1.0,0
3225,0.0,0
3226,0.0,1
3227,0.0,1
3228,1.0,1
3229,1.0,1
3230,0.0,0
3231,0.0,0
3232,0.0,0
3233,0.0,0
3234,0.0,0
3235,1.0,1
3236,0.0,0
3237,1.0,0
3238,1.0,1
3239,0.0,0
3240,0.0,0
3241,0.0,0
3242,1.0,1
3243,1.0,1
3244,1.0,0
3245,1.0,1
3246,0.0,0
3247,0.0,1
3248,1.0,1
3249,0.0,0
3250,0.0,0
3251,1.0,1
3252,0.0,0
3253,0.0,0
3254,0.0,0
3255,0.0,0
3256,0.0,0
3257,1.0,1
3258,1.0,1
3259,1.0,0
3260,0.0,1
3261,0.0,0
3262,0.0,0
3263,1.0,1
3264,0.0,0
3265,1.0,0
3266,1.0,1
3267,0.0,0
3268,1.0,1
3269,1.0,1
3270,1.0,0
3271,0.0,1
3272,1.0,1
3273,1.0,1
3274,1.0,1
3275,0.0,0
3276,0.0,0
3277,0.0,0
3278,0.0,0
3279,1.0,1
3280,1.0,1
3281,1.0,1
3282,0.0,0
3283,0.0,0
3284,1.0,1
3285,0.0,0
3286,1.0,1
3287,0.0,0
3288,0.0,0
3289,0.0,0
3290,1.0,1
3291,0.0,0
3292,1.0,0
3293,1.0,0
3294,0.0,0
3295,1.0,1
3296,0.0,0
3297,0.0,0
3298,1.0,0
3299,1.0,1
3300,0.0,0
3301,1.0,1
3302,1.0,1
3303,0.0,0
3304,0.0,1
3305,1.0,1
3306,1.0,0
3307,0.0,1
3308,1.0,1
3309,0.0,0
3310,0.0,0
3311,1.0,1
3312,1.0,1
3313,1.0,1
3314,1.0,1
3315,1.0,1
3316,0.0,1
3317,1.0,0
3318,0.0,1
3319,0.0,0
3320,0.0,0
3321,0.0,0
3322,0.0,0
3323,0.0,1
3324,0.0,1
3325,1.0,1
3326,0.0,0
3327,1.0,1
3328,0.0,0
3329,1.0,1
3330,0.0,0
3331,0.0,0
3332,0.0,0
3333,1.0,0
3334,1.0,1
3335,0.0,1
3336,0.0,0
3337,1.0,1
3338,0.0,0
3339,1.0,1
3340,0.0,1
3341,0.0,0
3342,1.0,1
3343,0.0,0
3344,0.0,0
3345,0.0,0
3346,1.0,1
3347,0.0,0
3348,0.0,0
3349,0.0,0
3350,1.0,0
3351,0.0,0
3352,1.0,0
3353,0.0,0
3354,0.0,0
3355,0.0,0
3356,0.0,0
3357,0.0,0
3358,1.0,1
3359,0.0,0
3360,1.0,1
3361,1.0,1
3362,0.0,0
3363,0.0,0
3364,1.0,1
3365,1.0,1
3366,0.0,0
3367,0.0,0
3368,0.0,0
3369,0.0,0
3370,1.0,1
3371,0.0,1
3372,1.0,1
3373,1.0,1
3374,0.0,0
3375,0.0,0
3376,0.0,0
3377,0.0,0
3378,1.0,1
3379,1.0,1
3380,0.0,0
3381,1.0,1
3382,1.0,1
3383,0.0,0
3384,1.0,1
3385,0.0,0
3386,1.0,1
3387,0.0,0
3388,0.0,0
3389,1.0,1
3390,1.0,1
3391,1.0,1
3392,0.0,0
3393,0.0,0
3394,0.0,0
3395,0.0,0
3396,1.0,1
3397,0.0,1
3398,0.0,0
3399,0.0,0
3400,0.0,0
3401,0.0,0
3402,0.0,0
3403,1.0,1
3404,1.0,1
3405,1.0,1
3406,0.0,0
3407,0.0,0
3408,1.0,1
3409,1.0,1
3410,0.0,0
3411,0.0,0
3412,1.0,1
3413,0.0,0
3414,1.0,1
3415,0.0,0
3416,1.0,1
3417,0.0,0
3418,1.0,1
3419,1.0,1
3420,1.0,1
3421,1.0,1
3422,1.0,1
3423,1.0,1
3424,1.0,1
3425,0.0,0
3426,0.0,0
3427,0.0,0
3428,1.0,1
3429,0.0,0
3430,1.0,1
3431,1.0,1
3432,0.0,0
3433,0.0,0
3434,1.0,1
3435,0.0,0
3436,1.0,1
3437,0.0,0
3438,0.0,0
3439,0.0,0
3440,1.0,1
3441,0.0,0
3442,1.0,0
3443,0.0,1
3444,0.0,0
3445,1.0,1
3446,1.0,1
3447,0.0,0
3448,0.0,0
3449,1.0,1
3450,1.0,1
3451,1.0,1
3452,0.0,0
3453,1.0,1
3454,0.0,0
3455,0.0,0
3456,0.0,0
3457,0.0,1
3458,0.0,0
3459,0.0,0
3460,1.0,1
3461,0.0,0
3462,0.0,0
3463,0.0,0
3464,1.0,1
3465,0.0,0
3466,0.0,0
3467,1.0,1
3468,0.0,0
3469,0.0,0
3470,0.0,0
3471,0.0,0
3472,0.0,0
3473,1.0,1
3474,0.0,0
3475,1.0,1
3476,0.0,0
3477,1.0,0
3478,1.0,1
3479,0.0,0
3480,1.0,1
3481,0.0,0
3482,0.0,0
3483,1.0,0
3484,0.0,0
3485,1.0,1
3486,0.0,0
3487,0.0,1
3488,0.0,0
3489,0.0,0
3490,1.0,1
3491,0.0,0
3492,1.0,1
3493,1.0,1
3494,0.0,0
3495,0.0,1
3496,0.0,0
3497,1.0,0
3498,1.0,1
3499,1.0,1
3500,0.0,0
3501,1.0,1
3502,0.0,0
3503,0.0,0
3504,1.0,1
3505,1.0,0
3506,1.0,0
3507,0.0,1
3508,0.0,0
3509,1.0,1
3510,1.0,1
3511,1.0,1
3512,0.0,1
3513,0.0,1
3514,0.0,0
3515,0.0,0
3516,1.0,1
3517,0.0,0
3518,0.0,0
3519,0.0,0
3520,1.0,1
3521,1.0,1
3522,1.0,1
3523,0.0,0
3524,0.0,0
3525,0.0,0
3526,1.0,1
3527,1.0,0
3528,1.0,1
3529,1.0,0
3530,1.0,1
3531,1.0,1
3532,1.0,1
3533,1.0,0
3534,1.0,1
3535,1.0,1
3536,1.0,0
3537,0.0,0
3538,0.0,0
3539,1.0,0
3540,1.0,1
3541,1.0,1
3542,1.0,1
3543,0.0,0
3544,0.0,0
3545,1.0,0
3546,1.0,1
3547,0.0,0
3548,1.0,1
3549,0.0,0
3550,1.0,0
3551,0.0,0
3552,0.0,1
3553,1.0,0
3554,1.0,1
3555,0.0,0
3556,1.0,1
3557,0.0,0
3558,0.0,0
3559,1.0,1
3560,1.0,0
3561,0.0,0
3562,1.0,1
3563,1.0,1
3564,0.0,0
3565,1.0,1
3566,1.0,1
3567,1.0,1
3568,1.0,1
3569,0.0,0
3570,1.0,1
3571,1.0,1
3572,1.0,0
3573,0.0,0
3574,0.0,0
3575,0.0,0
3576,0.0,0
3577,1.0,0
3578,1.0,1
3579,1.0,0
3580,0.0,1
3581,0.0,0
3582,1.0,1
3583,1.0,1
3584,1.0,1
3585,1.0,0
3586,0.0,0
3587,0.0,0
3588,0.0,0
3589,1.0,0
3590,1.0,0
3591,0.0,0
3592,1.0,1
3593,1.0,0
3594,0.0,0
3595,0.0,0
3596,1.0,1
3597,1.0,1
3598,1.0,0
3599,0.0,0
3600,1.0,0
3601,1.0,1
3602,0.0,0
3603,0.0,1
3604,0.0,0
3605,1.0,1
3606,1.0,1
3607,0.0,1
3608,0.0,0
3609,1.0,1
3610,1.0,1
3611,0.0,0
3612,1.0,1
3613,0.0,0
3614,1.0,1
3615,1.0,0
3616,1.0,0
3617,1.0,1
3618,0.0,0
3619,0.0,0
3620,1.0,1
3621,1.0,0
3622,0.0,0
3623,0.0,0
3624,0.0,1
3625,1.0,0
3626,1.0,1
3627,0.0,0
3628,1.0,1
3629,1.0,1
3630,0.0,0
3631,1.0,1
3632,1.0,0
3633,1.0,1
3634,1.0,1
3635,1.0,0
3636,1.0,1
3637,1.0,1
3638,1.0,1
3639,1.0,1
3640,1.0,0
3641,1.0,0
3642,0.0,0
3643,0.0,0
3644,1.0,1
3645,0.0,0
3646,1.0,1
3647,1.0,1
3648,0.0,0
3649,1.0,1
3650,1.0,1
3651,1.0,0
3652,1.0,0
3653,1.0,0
3654,0.0,0
3655,1.0,1
3656,1.0,0
3657,0.0,0
3658,1.0,0
3659,1.0,1
3660,0.0,0
3661,0.0,0
3662,0.0,0
3663,0.0,0
3664,1.0,0
3665,0.0,1
3666,0.0,0
3667,1.0,1
3668,1.0,1
3669,1.0,0
3670,0.0,1
3671,0.0,0
3672,1.0,0
3673,1.0,1
3674,1.0,1
3675,0.0,0
3676,1.0,1
3677,0.0,0
3678,1.0,1
3679,0.0,0
3680,1.0,1
3681,0.0,1
3682,1.0,0
3683,1.0,1
3684,1.0,1
3685,0.0,0
3686,1.0,0
3687,0.0,0
3688,0.0,1
3689,0.0,0
3690,1.0,1
3691,0.0,1
3692,1.0,1
3693,1.0,1
3694,0.0,0
3695,0.0,1
3696,0.0,0
3697,1.0,1
3698,1.0,0
3699,1.0,0
3700,0.0,1
3701,0.0,0
3702,0.0,1
3703,1.0,1
3704,1.0,1
3705,1.0,0
3706,0.0,1
3707,0.0,1
3708,0.0,0
3709,1.0,0
3710,1.0,0
3711,1.0,0
3712,0.0,0
3713,1.0,0
3714,0.0,1
3715,0.0,1
3716,1.0,0
3717,1.0,0
3718,1.0,0
3719,1.0,0
3720,1.0,0
3721,1.0,1
3722,0.0,0
3723,1.0,0
3724,1.0,0
3725,1.0,0
3726,0.0,1
3727,1.0,0
3728,1.0,0
3729,1.0,0
3730,0.0,1
3731,1.0,0
3732,0.0,1
3733,1.0,1
3734,1.0,0
3735,1.0,1
3736,0.0,1
3737,1.0,0
3738,1.0,0
3739,0.0,1
3740,0.0,1
3741,0.0,1
3742,0.0,1
3743,0.0,1
3744,0.0,1
3745,0.0,0
3746,0.0,1
3747,0.0,1
3748,0.0,1
3749,0.0,1
3750,1.0,0
3751,0.0,0
3752,0.0,0
3753,0.0,0
3754,0.0,1
3755,0.0,0
3756,1.0,0
3757,0.0,0
3758,0.0,1
3759,1.0,0
3760,0.0,1
3761,0.0,0
3762,0.0,1
3763,1.0,0
3764,0.0,0
3765,1.0,0
3766,1.0,0
3767,0.0,1
3768,1.0,0
3769,0.0,1
3770,0.0,1
3771,1.0,0
3772,0.0,0
3773,0.0,1
3774,0.0,0
3775,0.0,1
3776,1.0,0
3777,0.0,1
3778,0.0,0
3779,0.0,1
3780,0.0,0
3781,0.0,0
3782,1.0,0
3783,1.0,0
3784,0.0,0
3785,0.0,0
3786,1.0,1
3787,0.0,0
3788,0.0,1
3789,0.0,1
3790,0.0,1
3791,0.0,1
3792,0.0,1
3793,0.0,1
3794,0.0,1
3795,0.0,1
3796,1.0,0
3797,0.0,1
3798,0.0,1
3799,0.0,1
3800,0.0,0
3801,0.0,1
3802,0.0,1
3803,0.0,1
3804,0.0,1
3805,0.0,1
3806,0.0,1
3807,1.0,1
3808,0.0,1
3809,0.0,0
3810,0.0,0
3811,0.0,0
3812,1.0,0
3813,0.0,0
3814,0.0,1
3815,0.0,1
3816,1.0,0
3817,0.0,1
3818,0.0,0
3819,0.0,1
3820,0.0,0
3821,0.0,1
3822,1.0,0
3823,0.0,1
3824,0.0,0
3825,0.0,1
3826,1.0,0
3827,0.0,1
3828,0.0,0
3829,0.0,1
3830,0.0,0
3831,1.0,0
3832,0.0,1
3833,1.0,0
3834,0.0,0
3835,0.0,1
3836,0.0,1
3837,0.0,1
3838,0.0,0
3839,1.0,0
3840,0.0,0
3841,1.0,1
3842,0.0,1
3843,0.0,1
3844,0.0,1
3845,0.0,0
3846,0.0,0
3847,1.0,1
3848,0.0,1
3849,0.0,0
3850,1.0,0
3851,1.0,1
3852,1.0,0
3853,0.0,1
3854,0.0,0
3855,1.0,0
3856,0.0,1
3857,0.0,0
3858,0.0,1
3859,0.0,0
3860,0.0,1
3861,0.0,1
3862,1.0,0
3863,0.0,0
3864,0.0,0
3865,0.0,0
3866,0.0,0
3867,0.0,0
3868,0.0,1
3869,0.0,1
3870,0.0,1
3871,0.0,0
3872,0.0,1
3873,0.0,1
3874,0.0,1
3875,1.0,0
3876,0.0,1
3877,0.0,1
3878,0.0,1
3879,0.0,1
3880,0.0,0
3881,0.0,1
3882,0.0,0
3883,0.0,1
3884,1.0,0
3885,1.0,0
3886,0.0,0
3887,0.0,1
3888,0.0,1
3889,1.0,0
3890,0.0,0
3891,0.0,0
3892,0.0,1
3893,0.0,1
3894,0.0,1
3895,0.0,0
3896,0.0,1
3897,1.0,0
3898,0.0,1
3899,0.0,1
3900,0.0,1
3901,0.0,0
3902,1.0,1
3903,1.0,1
3904,1.0,1
3905,1.0,1
3906,1.0,1
3907,1.0,0
3908,1.0,0
3909,0.0,1
3910,1.0,1
3911,1.0,1
3912,1.0,0
3913,0.0,0
3914,0.0,0
3915,1.0,0
3916,0.0,0
3917,1.0,1
3918,0.0,0
3919,0.0,1
3920,0.0,0
3921,0.0,0
3922,1.0,0
3923,1.0,0
3924,1.0,0
3925,0.0,1
3926,1.0,1
3927,0.0,1
3928,0.0,0
3929,1.0,1
3930,0.0,1
3931,1.0,1
3932,0.0,0
3933,0.0,0
3934,1.0,0
3935,0.0,0
3936,0.0,0
3937,0.0,0
3938,1.0,0
3939,0.0,0
3940,0.0,1
3941,1.0,1
3942,1.0,1
3943,0.0,0
3944,1.0,1
3945,0.0,0
3946,0.0,0
3947,1.0,1
3948,1.0,1
3949,1.0,1
3950,0.0,1
3951,1.0,1
3952,0.0,1
3953,0.0,0
3954,1.0,1
3955,0.0,0
3956,0.0,1
3957,1.0,1
3958,0.0,0
3959,0.0,0
3960,0.0,0
3961,1.0,1
3962,1.0,1
3963,1.0,0
3964,0.0,1
3965,0.0,0
3966,0.0,0
3967,0.0,0
3968,1.0,1
3969,0.0,0
3970,1.0,1
3971,0.0,0
3972,0.0,0
3973,1.0,1
3974,0.0,0
3975,1.0,1
3976,1.0,1
3977,0.0,0
3978,1.0,1
3979,0.0,0
3980,0.0,0
3981,0.0,0
3982,0.0,0
3983,0.0,1
3984,1.0,1
3985,0.0,0
3986,1.0,1
3987,1.0,1
3988,1.0,1
3989,1.0,1
3990,0.0,0
3991,1.0,1
3992,1.0,1
3993,1.0,1
3994,1.0,1
3995,1.0,1
3996,0.0,0
3997,0.0,0
3998,1.0,1
3999,0.0,0
4000,0.0,0
4001,0.0,0
4002,1.0,1
4003,0.0,0
4004,1.0,1
4005,0.0,1
4006,1.0,1
4007,0.0,0
4008,0.0,0
4009,1.0,1
4010,0.0,0
4011,1.0,1
4012,0.0,0
4013,0.0,1
4014,1.0,1
4015,1.0,1
4016,1.0,1
4017,0.0,0
4018,0.0,0
4019,0.0,1
4020,0.0,0
4021,0.0,1
4022,0.0,0
4023,0.0,0
4024,1.0,1
4025,0.0,0
4026,0.0,0
4027,0.0,0
4028,1.0,1
4029,0.0,1
4030,1.0,1
4031,0.0,0
4032,0.0,0
4033,1.0,1
4034,0.0,1
4035,1.0,1
4036,1.0,1
4037,0.0,0
4038,1.0,1
4039,0.0,0
4040,0.0,0
4041,0.0,0
4042,0.0,0
4043,0.0,0
4044,1.0,1
4045,1.0,1
4046,0.0,0
4047,0.0,1
4048,0.0,0
4049,1.0,1
4050,1.0,1
4051,1.0,1
4052,1.0,1
4053,1.0,1
4054,0.0,0
4055,1.0,1
4056,0.0,1
4057,0.0,0
4058,0.0,0
4059,1.0,1
4060,0.0,0
4061,1.0,1
4062,1.0,1
4063,1.0,1
4064,1.0,1
4065,0.0,1
4066,1.0,1
4067,0.0,0
4068,0.0,1
4069,0.0,1
4070,0.0,0
4071,0.0,0
4072,0.0,1
4073,0.0,0
4074,1.0,1
4075,0.0,0
4076,1.0,1
4077,1.0,1
4078,0.0,1
4079,1.0,1
4080,1.0,1
4081,1.0,1
4082,0.0,0
4083,0.0,1
4084,0.0,0
4085,0.0,0
4086,0.0,0
4087,1.0,1
4088,1.0,0
4089,1.0,1
4090,0.0,0
4091,1.0,1
4092,0.0,0
4093,0.0,0
4094,1.0,1
4095,0.0,0
4096,0.0,0
4097,0.0,0
4098,1.0,1
4099,0.0,1
4100,0.0,0
4101,1.0,1
4102,0.0,0
4103,0.0,0
4104,0.0,0
4105,0.0,1
4106,0.0,0
4107,0.0,0
4108,0.0,0
4109,1.0,1
4110,0.0,0
4111,1.0,1
4112,1.0,1
4113,1.0,1
4114,1.0,1
4115,1.0,1
4116,0.0,0
4117,0.0,0
4118,1.0,1
4119,1.0,1
4120,0.0,0
4121,0.0,0
4122,1.0,0
4123,0.0,1
4124,0.0,0
4125,1.0,1
4126,0.0,0
4127,1.0,1
4128,1.0,1
4129,0.0,0
4130,0.0,0
4131,0.0,0
4132,1.0,1
4133,0.0,0
4134,1.0,1
4135,0.0,0
4136,1.0,1
4137,0.0,0
4138,0.0,0
4139,0.0,0
4140,1.0,1
4141,0.0,0
4142,0.0,0
4143,1.0,1
4144,0.0,1
4145,0.0,0
4146,1.0,1
4147,1.0,1
4148,0.0,1
4149,0.0,0
4150,1.0,1
4151,0.0,0
4152,0.0,0
4153,0.0,0
4154,0.0,0
4155,0.0,0
4156,1.0,1
4157,0.0,1
4158,0.0,0
4159,1.0,1
4160,0.0,0
4161,1.0,1
4162,0.0,0
4163,1.0,1
4164,0.0,0
4165,1.0,0
4166,0.0,0
4167,1.0,1
4168,1.0,1
4169,1.0,1
4170,0.0,1
4171,1.0,0
4172,0.0,0
4173,1.0,1
4174,0.0,1
4175,0.0,0
4176,1.0,1
4177,1.0,1
4178,0.0,0
4179,1.0,1
4180,1.0,1
4181,1.0,1
4182,1.0,1
4183,0.0,0
4184,0.0,0
4185,0.0,1
4186,1.0,1
4187,0.0,0
4188,1.0,1
4189,1.0,1
4190,0.0,0
4191,0.0,0
4192,0.0,0
4193,0.0,0
4194,0.0,0
4195,0.0,0
4196,0.0,0
4197,0.0,0
4198,0.0,0
4199,1.0,1
4200,0.0,0
4201,0.0,0
4202,0.0,0
4203,0.0,0
4204,1.0,1
4205,0.0,0
4206,1.0,1
4207,1.0,1
4208,0.0,0
4209,0.0,0
4210,1.0,1
4211,1.0,1
4212,0.0,0
4213,1.0,1
4214,1.0,1
4215,0.0,0
4216,0.0,1
4217,0.0,0
4218,0.0,0
4219,0.0,1
4220,0.0,0
4221,0.0,0
4222,0.0,0
4223,1.0,1
4224,1.0,1
4225,0.0,1
4226,1.0,1
4227,0.0,0
4228,1.0,1
4229,0.0,0
4230,0.0,0
4231,0.0,0
4232,1.0,1
4233,0.0,0
4234,1.0,1
4235,0.0,0
4236,1.0,1
4237,0.0,0
4238,0.0,0
4239,0.0,0
4240,0.0,0
4241,1.0,0
4242,1.0,0
4243,0.0,0
4244,1.0,1
4245,0.0,0
4246,1.0,1
4247,1.0,1
4248,0.0,0
4249,1.0,1
4250,1.0,1
4251,1.0,1
4252,0.0,0
4253,0.0,0
4254,1.0,0
4255,0.0,0
4256,0.0,0
4257,1.0,1
4258,0.0,0
4259,1.0,1
4260,0.0,0
4261,0.0,0
4262,0.0,0
4263,0.0,0
4264,1.0,1
4265,1.0,1
4266,1.0,1
4267,1.0,1
4268,0.0,0
4269,1.0,1
4270,0.0,1
4271,1.0,1
4272,1.0,1
4273,0.0,0
4274,0.0,0
4275,1.0,1
4276,0.0,1
4277,1.0,1
4278,1.0,1
4279,0.0,0
4280,1.0,1
4281,1.0,1
4282,1.0,1
4283,0.0,0
4284,0.0,1
4285,0.0,0
4286,1.0,1
4287,1.0,1
4288,0.0,0
4289,1.0,1
4290,1.0,1
4291,1.0,1
4292,1.0,1
4293,0.0,0
4294,1.0,1
4295,0.0,1
4296,1.0,1
4297,0.0,0
4298,1.0,1
4299,0.0,0
4300,0.0,0
4301,0.0,0
4302,1.0,1
4303,1.0,1
4304,0.0,0
4305,0.0,0
4306,1.0,1
4307,0.0,0
4308,1.0,0
4309,0.0,0
4310,0.0,0
4311,0.0,1
4312,1.0,1
4313,1.0,0
4314,1.0,1
4315,0.0,0
4316,1.0,1
4317,0.0,0
4318,1.0,1
4319,1.0,1
4320,0.0,0
4321,1.0,1
4322,1.0,1
4323,1.0,1
4324,1.0,1
4325,0.0,0
4326,1.0,1
4327,0.0,0
4328,0.0,1
4329,1.0,1
4330,1.0,1
4331,0.0,0
4332,1.0,1
4333,0.0,0
4334,0.0,0
4335,0.0,0
4336,1.0,0
4337,1.0,1
4338,0.0,0
4339,0.0,0
4340,0.0,0
4341,1.0,1
4342,0.0,0
4343,1.0,1
4344,0.0,0
4345,1.0,1
4346,0.0,0
4347,1.0,1
4348,0.0,0
4349,1.0,0
4350,1.0,0
4351,1.0,1
4352,0.0,0
4353,0.0,1
4354,0.0,0
4355,1.0,1
4356,0.0,0
4357,1.0,1
4358,1.0,1
4359,1.0,1
4360,0.0,0
4361,1.0,1
4362,1.0,0
4363,1.0,1
4364,0.0,0
4365,0.0,0
4366,1.0,0
4367,0.0,0
4368,1.0,1
4369,1.0,1
4370,0.0,0
4371,0.0,0
4372,1.0,1
4373,0.0,0
4374,1.0,1
4375,1.0,1
4376,0.0,0
4377,0.0,0
4378,1.0,1
4379,1.0,1
4380,0.0,0
4381,0.0,0
4382,1.0,1
4383,0.0,0
4384,0.0,0
4385,0.0,0
4386,0.0,0
4387,0.0,0
4388,0.0,1
4389,0.0,0
4390,0.0,0
4391,0.0,0
4392,1.0,0
4393,0.0,0
4394,0.0,1
4395,0.0,1
4396,0.0,1
4397,1.0,1
4398,1.0,1
4399,0.0,0
4400,1.0,1
4401,1.0,1
4402,0.0,0
4403,0.0,0
4404,1.0,0
4405,1.0,1
4406,1.0,1
4407,1.0,1
4408,1.0,1
4409,0.0,0
4410,0.0,0
4411,1.0,1
4412,1.0,1
4413,1.0,1
4414,1.0,1
4415,0.0,0
4416,0.0,1
4417,0.0,1
4418,1.0,1
4419,1.0,1
4420,0.0,0
4421,0.0,0
4422,1.0,1
4423,1.0,1
4424,1.0,1
4425,1.0,1
4426,0.0,0
4427,0.0,0
4428,1.0,1
4429,1.0,1
4430,1.0,1
4431,1.0,1
4432,1.0,1
4433,1.0,1
4434,1.0,1
4435,0.0,1
4436,0.0,0
4437,0.0,0
4438,0.0,0
4439,1.0,0
4440,0.0,0
4441,1.0,0
4442,0.0,0
4443,1.0,1
4444,0.0,0
4445,1.0,1
4446,1.0,1
4447,1.0,1
4448,0.0,0
4449,0.0,0
4450,0.0,0
4451,1.0,0
4452,0.0,1
4453,1.0,1
4454,0.0,0
4455,1.0,1
4456,1.0,1
4457,1.0,1
4458,1.0,1
4459,1.0,0
4460,0.0,0
4461,1.0,1
4462,1.0,1
4463,1.0,1
4464,0.0,0
4465,1.0,1
4466,1.0,1
4467,1.0,1
4468,1.0,1
4469,0.0,1
4470,1.0,1
4471,0.0,0
4472,0.0,0
4473,0.0,0
4474,0.0,1
4475,0.0,0
4476,0.0,0
4477,0.0,0
4478,1.0,1
4479,1.0,1
4480,1.0,1
4481,1.0,1
4482,1.0,1
4483,1.0,0
4484,1.0,1
4485,1.0,1
4486,1.0,1
4487,0.0,0
4488,0.0,0
4489,0.0,0
4490,1.0,0
4491,0.0,0
4492,1.0,1
4493,0.0,0
4494,0.0,0
4495,0.0,0
4496,0.0,0
4497,1.0,1
4498,0.0,0
4499,1.0,1
4500,1.0,0
4501,0.0,0
4502,0.0,0
4503,0.0,0
4504,0.0,0
4505,0.0,1
4506,1.0,1
4507,1.0,0
4508,0.0,0
4509,0.0,0
4510,0.0,0
4511,0.0,0
4512,0.0,0
4513,1.0,1
4514,0.0,0
4515,0.0,0
4516,1.0,1
4517,1.0,1
4518,1.0,0
4519,1.0,0
4520,0.0,0
4521,1.0,1
4522,0.0,1
4523,1.0,1
4524,1.0,1
4525,0.0,0
4526,0.0,1
4527,0.0,0
4528,1.0,1
4529,1.0,1
4530,0.0,0
4531,1.0,1
4532,0.0,0
4533,1.0,1
4534,0.0,0
4535,0.0,1
4536,0.0,0
4537,1.0,1
4538,1.0,1
4539,1.0,1
4540,0.0,0
4541,1.0,0
4542,0.0,0
4543,1.0,1
4544,1.0,0
4545,1.0,0
4546,0.0,0
4547,0.0,0
4548,0.0,1
4549,1.0,0
4550,1.0,1
4551,0.0,0
4552,1.0,1
4553,1.0,1
4554,1.0,1
4555,0.0,0
4556,0.0,0
4557,0.0,0
4558,0.0,0
4559,1.0,1
4560,0.0,0
4561,1.0,0
4562,1.0,1
4563,1.0,1
4564,1.0,1
4565,1.0,0
4566,1.0,1
4567,1.0,1
4568,1.0,0
4569,1.0,1
4570,0.0,0
4571,1.0,1
4572,1.0,1
4573,1.0,1
4574,0.0,1
4575,1.0,1
4576,1.0,0
4577,0.0,0
4578,1.0,0
4579,1.0,1
4580,0.0,1
4581,0.0,0
4582,1.0,1
4583,0.0,0
4584,1.0,1
4585,0.0,0
4586,0.0,0
4587,1.0,1
4588,1.0,0
4589,0.0,0
4590,1.0,1
4591,1.0,0
4592,1.0,1
4593,1.0,1
4594,1.0,1
4595,1.0,1
4596,0.0,1
4597,0.0,1
4598,1.0,1
4599,0.0,1
4600,1.0,1
4601,1.0,1
4602,1.0,0
4603,1.0,1
4604,0.0,0
4605,1.0,1
4606,1.0,1
4607,0.0,0
4608,1.0,1
4609,1.0,1
4610,1.0,1
4611,1.0,1
4612,1.0,0
4613,1.0,0
4614,1.0,1
4615,1.0,1
4616,1.0,1
4617,1.0,1
4618,1.0,1
4619,0.0,0
4620,0.0,0
4621,1.0,1
4622,1.0,1
4623,0.0,0
4624,1.0,1
4625,0.0,0
4626,1.0,1
4627,0.0,0
4628,1.0,0
4629,0.0,0
4630,0.0,0
4631,1.0,1
4632,1.0,0
4633,1.0,1
4634,1.0,1
4635,0.0,0
4636,1.0,1
4637,0.0,0
4638,0.0,0
4639,1.0,1
4640,1.0,1
4641,0.0,0
4642,1.0,0
4643,1.0,0
4644,1.0,1
4645,1.0,1
4646,1.0,1
4647,1.0,0
4648,1.0,1
4649,0.0,0
4650,1.0,0
4651,0.0,0
4652,0.0,0
4653,1.0,1
4654,0.0,0
4655,0.0,0
4656,0.0,0
4657,1.0,1
4658,0.0,0
4659,1.0,1
4660,0.0,0
4661,0.0,0
4662,0.0,0
4663,0.0,1
4664,0.0,0
4665,0.0,0
4666,0.0,0
4667,0.0,0
4668,0.0,0
4669,1.0,1
4670,1.0,1
4671,1.0,1
4672,1.0,1
4673,0.0,0
4674,0.0,0
4675,0.0,0
4676,0.0,0
4677,1.0,0
4678,0.0,0
4679,0.0,0
4680,0.0,0
4681,1.0,0
4682,1.0,1
4683,1.0,0
4684,0.0,0
4685,0.0,0
4686,0.0,0
4687,0.0,0
4688,0.0,0
4689,0.0,0
4690,1.0,1
4691,1.0,1
4692,0.0,0
4693,0.0,0
4694,1.0,1
4695,0.0,1
4696,1.0,1
4697,0.0,0
4698,0.0,0
4699,1.0,1
4700,1.0,1
4701,1.0,1
4702,1.0,1
4703,0.0,1
4704,0.0,0
4705,1.0,1
4706,1.0,1
4707,0.0,0
4708,1.0,1
4709,0.0,0
4710,0.0,0
4711,1.0,1
4712,0.0,0
4713,0.0,0
4714,0.0,0
4715,0.0,0
4716,0.0,0
4717,1.0,0
4718,1.0,0
4719,0.0,1
4720,0.0,1
4721,1.0,1
4722,1.0,0
4723,1.0,1
4724,0.0,0
4725,0.0,0
4726,0.0,0
4727,0.0,0
4728,1.0,1
4729,0.0,0
4730,0.0,0
4731,1.0,1
4732,0.0,1
4733,0.0,0
4734,0.0,0
4735,1.0,1
4736,0.0,0
4737,1.0,1
4738,1.0,0
4739,0.0,1
4740,0.0,0
4741,1.0,1
4742,1.0,1
4743,1.0,1
4744,0.0,0
4745,1.0,1
4746,0.0,0
4747,1.0,1
4748,0.0,1
4749,1.0,1
4750,0.0,0
4751,1.0,0
4752,0.0,0
4753,1.0,1
4754,1.0,1
4755,1.0,1
4756,1.0,1
4757,1.0,1
4758,1.0,1
4759,0.0,0
4760,0.0,0
4761,0.0,0
4762,0.0,0
4763,0.0,0
4764,0.0,0
4765,0.0,0
4766,1.0,1
4767,0.0,0
4768,1.0,1
4769,1.0,1
4770,1.0,1
4771,1.0,1
4772,1.0,1
4773,0.0,0
4774,0.0,1
4775,0.0,0
4776,1.0,1
4777,0.0,0
4778,0.0,1
4779,0.0,0
4780,1.0,1
4781,0.0,0
4782,0.0,0
4783,0.0,0
4784,0.0,0
4785,0.0,0
4786,0.0,0
4787,1.0,1
4788,0.0,0
4789,0.0,0
4790,0.0,0
4791,0.0,1
4792,0.0,0
4793,0.0,0
4794,1.0,1
4795,1.0,1
4796,0.0,0
4797,0.0,0
4798,1.0,1
4799,1.0,1
4800,0.0,0
4801,0.0,0
4802,0.0,0
4803,1.0,1
4804,1.0,1
4805,0.0,0
4806,0.0,0
4807,1.0,1
4808,1.0,1
4809,1.0,0
4810,0.0,0
4811,1.0,1
4812,0.0,1
4813,1.0,1
4814,0.0,1
4815,1.0,1
4816,0.0,0
4817,0.0,0
4818,1.0,1
4819,1.0,1
4820,1.0,1
4821,1.0,1
4822,0.0,0
4823,1.0,1
4824,1.0,1
4825,1.0,0
4826,1.0,1
4827,0.0,0
4828,0.0,1
4829,0.0,0
4830,0.0,0
4831,1.0,1
4832,0.0,0
4833,0.0,0
4834,1.0,1
4835,1.0,1
4836,0.0,0
4837,1.0,1
4838,0.0,0
4839,1.0,1
4840,0.0,0
4841,0.0,0
4842,0.0,0
4843,0.0,0
4844,1.0,1
4845,0.0,0
4846,0.0,0
4847,0.0,1
4848,0.0,0
4849,0.0,0
4850,0.0,0
4851,0.0,0
4852,0.0,1
4853,1.0,1
4854,1.0,1
4855,1.0,1
4856,0.0,0
4857,0.0,0
4858,0.0,0
4859,1.0,0
4860,1.0,1
4861,0.0,0
4862,1.0,1
4863,1.0,1
4864,1.0,1
4865,1.0,1
4866,1.0,1
4867,1.0,1
4868,0.0,1
4869,0.0,0
4870,1.0,1
4871,0.0,0
4872,1.0,1
4873,0.0,0
4874,0.0,0
4875,0.0,1
4876,1.0,1
4877,0.0,0
4878,0.0,0
4879,0.0,0
4880,1.0,1
4881,0.0,0
4882,1.0,1
4883,0.0,0
4884,1.0,1
4885,1.0,0
4886,1.0,1
4887,1.0,1
4888,0.0,0
4889,1.0,1
4890,0.0,0
4891,0.0,0
4892,1.0,1
4893,0.0,0
4894,1.0,1
4895,0.0,0
4896,1.0,1
4897,0.0,0
4898,1.0,1
4899,0.0,0
4900,1.0,1
4901,1.0,1
4902,0.0,0
4903,0.0,1
4904,1.0,1
4905,0.0,0
4906,0.0,0
4907,1.0,1
4908,0.0,0
4909,1.0,1
4910,1.0,1
4911,1.0,1
4912,0.0,0
4913,0.0,0
4914,1.0,0
4915,0.0,0
4916,0.0,0
4917,1.0,1
4918,1.0,1
4919,1.0,1
4920,1.0,0
4921,0.0,0
4922,0.0,0
4923,1.0,1
4924,0.0,0
4925,0.0,0
4926,1.0,1
4927,0.0,0
4928,1.0,1
4929,0.0,0
4930,1.0,1
4931,0.0,0
4932,1.0,1
4933,0.0,0
4934,0.0,0
4935,0.0,0
4936,0.0,0
4937,1.0,1
4938,1.0,1
4939,0.0,0
4940,0.0,0
4941,1.0,1
4942,0.0,0
4943,0.0,1
4944,1.0,1
4945,0.0,0
4946,0.0,1
4947,1.0,1
4948,1.0,1
4949,1.0,1
4950,1.0,1
4951,1.0,1
4952,1.0,1
4953,1.0,1
4954,1.0,1
4955,1.0,1
4956,1.0,0
4957,1.0,0
4958,1.0,1
4959,0.0,0
4960,1.0,0
4961,1.0,1
4962,1.0,1
4963,0.0,0
4964,1.0,1
4965,1.0,1
4966,0.0,1
4967,1.0,1
4968,0.0,0
4969,0.0,1
4970,1.0,1
4971,1.0,1
4972,0.0,0
4973,0.0,0
4974,0.0,0
4975,0.0,0
4976,1.0,1
4977,1.0,1
4978,0.0,1
4979,1.0,1
4980,0.0,0
4981,1.0,1
4982,1.0,1
4983,1.0,1
4984,1.0,1
4985,0.0,1
4986,1.0,1
4987,1.0,1
4988,1.0,1
4989,1.0,1
4990,0.0,1
4991,0.0,0
4992,1.0,1
4993,1.0,1
4994,1.0,1
4995,0.0,0
4996,1.0,1
4997,1.0,1
4998,1.0,1
4999,0.0,0
5000,1.0,0
5001,1.0,1
5002,1.0,1
5003,0.0,0
5004,0.0,0
5005,1.0,1
5006,1.0,0
5007,0.0,0
5008,0.0,0
5009,1.0,0
5010,1.0,1
5011,0.0,0
5012,0.0,0
5013,0.0,0
5014,1.0,1
5015,0.0,0
5016,0.0,0
5017,0.0,0
5018,1.0,1
5019,0.0,0
5020,0.0,0
5021,0.0,0
5022,1.0,1
5023,1.0,1
5024,1.0,1
5025,1.0,1
5026,0.0,0
5027,1.0,1
5028,1.0,1
5029,0.0,0
5030,0.0,0
5031,0.0,0
5032,0.0,0
5033,0.0,0
5034,1.0,1
5035,0.0,1
5036,1.0,1
5037,1.0,1
5038,0.0,0
5039,0.0,1
5040,0.0,0
5041,1.0,1
5042,0.0,1
5043,0.0,0
5044,1.0,0
5045,0.0,0
5046,0.0,0
5047,0.0,0
5048,1.0,1
5049,1.0,1
5050,1.0,1
5051,1.0,1
5052,0.0,0
5053,0.0,0
5054,0.0,0
5055,0.0,0
5056,0.0,0
5057,1.0,1
5058,0.0,0
5059,0.0,0
5060,0.0,1
5061,1.0,1
5062,1.0,1
5063,0.0,0
5064,0.0,0
5065,0.0,1
5066,0.0,0
5067,0.0,0
5068,1.0,1
5069,0.0,0
5070,1.0,1
5071,0.0,0
5072,1.0,1
5073,1.0,0
5074,1.0,1
5075,1.0,0
5076,0.0,1
5077,0.0,0
5078,0.0,0
5079,0.0,0
5080,1.0,1
5081,0.0,0
5082,0.0,0
5083,0.0,1
5084,1.0,0
5085,1.0,1
5086,0.0,0
5087,1.0,0
5088,0.0,0
5089,0.0,0
5090,1.0,1
5091,0.0,0
5092,0.0,0
5093,1.0,1
5094,1.0,1
5095,1.0,0
5096,1.0,0
5097,1.0,1
5098,1.0,1
5099,1.0,1
5100,0.0,0
5101,1.0,1
5102,0.0,1
5103,0.0,0
5104,0.0,0
5105,1.0,1
5106,0.0,0
5107,1.0,1
5108,1.0,1
5109,1.0,1
5110,0.0,0
5111,0.0,0
5112,0.0,1
5113,1.0,0
5114,1.0,1
5115,0.0,0
5116,0.0,0
5117,0.0,1
5118,1.0,0
5119,0.0,0
5120,1.0,1
5121,1.0,1
5122,1.0,1
5123,1.0,1
5124,0.0,0
5125,0.0,0
5126,1.0,0
5127,0.0,0
5128,0.0,0
5129,1.0,1
5130,1.0,1
5131,0.0,0
5132,1.0,1
5133,0.0,1
5134,1.0,0
5135,0.0,0
5136,1.0,1
5137,0.0,0
5138,0.0,1
5139,1.0,1
5140,0.0,0
5141,0.0,0
5142,1.0,1
5143,1.0,1
5144,1.0,1
5145,0.0,1
5146,0.0,0
5147,1.0,0
5148,0.0,0
5149,1.0,1
5150,1.0,1
5151,0.0,1
5152,0.0,0
5153,1.0,1
5154,0.0,0
5155,1.0,1
5156,0.0,0
5157,1.0,0
5158,0.0,0
5159,1.0,1
5160,1.0,1
5161,0.0,0
5162,0.0,0
5163,0.0,1
5164,0.0,0
5165,1.0,1
5166,0.0,0
5167,1.0,1
5168,0.0,0
5169,0.0,0
5170,0.0,0
5171,1.0,1
5172,1.0,1
5173,0.0,1
5174,0.0,0
5175,0.0,0
5176,0.0,0
5177,1.0,1
5178,1.0,1
5179,1.0,1
5180,0.0,0
5181,1.0,1
5182,1.0,1
5183,1.0,0
5184,0.0,0
5185,1.0,1
5186,0.0,0
5187,1.0,1
5188,1.0,1
5189,1.0,0
5190,1.0,1
5191,1.0,1
5192,1.0,1
5193,0.0,0
5194,0.0,0
5195,0.0,1
5196,1.0,1
5197,0.0,1
5198,1.0,1
5199,1.0,1
5200,1.0,1
5201,1.0,1
5202,1.0,1
5203,0.0,0
5204,1.0,1
5205,1.0,1
5206,0.0,0
5207,0.0,0
5208,1.0,1
5209,1.0,1
5210,1.0,1
5211,1.0,1
5212,0.0,0
5213,0.0,0
5214,1.0,1
5215,0.0,0
5216,1.0,1
5217,1.0,1
5218,0.0,0
5219,0.0,1
5220,1.0,1
5221,1.0,1
5222,0.0,0
5223,1.0,1
5224,1.0,1
5225,0.0,1
5226,1.0,1
5227,0.0,0
5228,0.0,1
5229,0.0,0
5230,1.0,1
5231,0.0,0
5232,0.0,0
5233,1.0,1
5234,0.0,0
5235,1.0,1
5236,0.0,0
5237,1.0,1
5238,1.0,1
5239,1.0,1
5240,1.0,1
5241,0.0,1
5242,0.0,0
5243,0.0,0
5244,1.0,1
5245,0.0,0
5246,1.0,1
5247,0.0,0
5248,1.0,1
5249,1.0,0
5250,0.0,0
5251,1.0,1
5252,1.0,1
5253,0.0,0
5254,0.0,1
5255,1.0,1
5256,1.0,1
5257,0.0,0
5258,0.0,0
5259,0.0,0
5260,1.0,1
5261,1.0,1
5262,0.0,1
5263,0.0,0
5264,0.0,0
5265,1.0,1
5266,1.0,1
5267,1.0,1
5268,1.0,1
5269,1.0,1
5270,1.0,1
5271,1.0,0
5272,0.0,0
5273,1.0,1
5274,1.0,1
5275,1.0,1
5276,1.0,1
5277,1.0,0
5278,1.0,1
5279,0.0,0
5280,0.0,0
5281,1.0,1
5282,1.0,0
5283,0.0,0
5284,0.0,0
5285,0.0,0
5286,1.0,1
5287,1.0,1
5288,0.0,1
5289,0.0,0
5290,0.0,0
5291,0.0,0
5292,1.0,1
5293,0.0,0
5294,0.0,0
5295,1.0,1
5296,1.0,0
5297,1.0,1
5298,0.0,0
5299,1.0,1
5300,0.0,0
5301,0.0,0
5302,1.0,1
5303,1.0,0
5304,1.0,0
5305,1.0,1
5306,1.0,1
5307,0.0,0
5308,0.0,0
5309,0.0,0
5310,1.0,1
5311,0.0,0
5312,1.0,1
5313,1.0,0
5314,1.0,1
5315,1.0,1
5316,0.0,1
5317,1.0,1
5318,0.0,0
5319,1.0,1
5320,1.0,1
5321,0.0,0
5322,0.0,0
5323,0.0,0
5324,0.0,0
5325,0.0,0
5326,1.0,1
5327,1.0,1
5328,0.0,0
5329,1.0,1
5330,1.0,1
5331,1.0,1
5332,0.0,0
5333,0.0,0
5334,1.0,1
5335,0.0,0
5336,1.0,0
5337,1.0,1
5338,1.0,1
5339,0.0,0
5340,1.0,1
5341,0.0,0
5342,0.0,0
5343,0.0,0
5344,0.0,0
5345,0.0,0
5346,0.0,0
5347,0.0,1
5348,1.0,1
5349,0.0,0
5350,1.0,1
5351,1.0,1
5352,0.0,0
5353,0.0,0
5354,1.0,0
5355,1.0,0
5356,0.0,0
5357,0.0,0
5358,0.0,0
5359,0.0,0
5360,1.0,1
5361,0.0,0
5362,1.0,1
5363,1.0,1
5364,0.0,1
5365,0.0,0
5366,0.0,0
5367,0.0,0
5368,1.0,1
5369,0.0,0
5370,0.0,0
5371,0.0,0
5372,0.0,0
5373,1.0,1
5374,0.0,0
5375,1.0,1
5376,0.0,0
5377,0.0,0
5378,0.0,1
5379,1.0,1
5380,1.0,1
5381,0.0,0
5382,0.0,1
5383,0.0,0
5384,0.0,1
5385,0.0,0
5386,0.0,0
5387,0.0,0
5388,1.0,1
5389,0.0,1
5390,0.0,0
5391,1.0,1
5392,1.0,1
5393,0.0,1
5394,1.0,1
5395,1.0,1
5396,0.0,0
5397,1.0,1
5398,0.0,1
5399,0.0,0
5400,1.0,1
5401,1.0,1
5402,0.0,0
5403,1.0,1
5404,0.0,0
5405,0.0,1
5406,1.0,1
5407,1.0,1
5408,1.0,1
5409,0.0,0
5410,0.0,0
5411,0.0,0
5412,1.0,1
5413,1.0,0
5414,0.0,0
5415,1.0,1
5416,0.0,0
5417,1.0,1
5418,1.0,1
5419,1.0,1
5420,1.0,1
5421,0.0,0
5422,1.0,0
5423,1.0,1
5424,0.0,0
5425,1.0,1
5426,1.0,1
5427,0.0,0
5428,1.0,1
5429,0.0,0
5430,0.0,0
5431,0.0,0
5432,0.0,0
5433,0.0,0
5434,1.0,1
5435,0.0,1
5436,1.0,1
5437,0.0,0
5438,1.0,1
5439,1.0,1
5440,0.0,0
5441,0.0,0
5442,1.0,1
5443,0.0,0
5444,1.0,1
5445,0.0,0
5446,1.0,1
5447,1.0,1
5448,1.0,1
5449,1.0,1
5450,0.0,0
5451,0.0,0
5452,0.0,0
5453,0.0,0
5454,0.0,0
5455,0.0,0
5456,1.0,1
5457,0.0,0
5458,0.0,0
5459,1.0,1
5460,0.0,1
5461,1.0,1
5462,0.0,0
5463,0.0,1
5464,1.0,1
5465,1.0,1
5466,1.0,1
5467,1.0,0
5468,0.0,0
5469,0.0,0
5470,0.0,1
5471,1.0,1
5472,1.0,1
5473,1.0,1
5474,1.0,1
5475,0.0,0
5476,0.0,0
5477,1.0,0
5478,0.0,0
5479,0.0,0
5480,1.0,1
5481,1.0,1
5482,0.0,0
5483,0.0,0
5484,0.0,1
5485,1.0,0
5486,0.0,1
5487,0.0,0
5488,0.0,0
5489,0.0,0
5490,0.0,0
5491,0.0,1
5492,0.0,0
5493,1.0,1
5494,1.0,1
5495,0.0,0
5496,0.0,1
5497,1.0,0
5498,0.0,0
5499,0.0,0
5500,0.0,0
5501,1.0,1
5502,1.0,1
5503,0.0,0
5504,0.0,0
5505,1.0,1
5506,1.0,1
5507,0.0,0
5508,1.0,1
5509,1.0,1
5510,0.0,0
5511,0.0,0
5512,1.0,0
5513,1.0,1
5514,1.0,1
5515,1.0,1
5516,1.0,1
5517,0.0,0
5518,1.0,1
5519,0.0,0
5520,0.0,0
5521,1.0,1
5522,0.0,0
5523,1.0,0
5524,1.0,1
5525,1.0,1
5526,1.0,1
5527,1.0,1
5528,0.0,1
5529,0.0,0
5530,1.0,1
5531,0.0,0
5532,0.0,0
5533,1.0,1
5534,0.0,0
5535,0.0,0
5536,0.0,0
5537,1.0,1
5538,0.0,1
5539,0.0,0
5540,1.0,1
5541,0.0,0
5542,0.0,0
5543,0.0,1
5544,0.0,0
5545,0.0,1
5546,0.0,0
5547,0.0,0
5548,0.0,0
5549,1.0,1
5550,1.0,1
5551,0.0,0
5552,0.0,0
5553,0.0,0
5554,1.0,1
5555,1.0,1
5556,1.0,1
5557,1.0,1
5558,1.0,0
5559,1.0,1
5560,1.0,1
5561,1.0,1
5562,0.0,0
5563,1.0,1
5564,0.0,0
5565,0.0,1
5566,1.0,1
5567,1.0,1
5568,1.0,1
5569,1.0,1
5570,0.0,1
5571,1.0,1
5572,0.0,0
5573,0.0,0
5574,0.0,1
5575,0.0,0
5576,0.0,0
5577,0.0,0
5578,1.0,1
5579,0.0,0
5580,1.0,1
5581,0.0,0
5582,1.0,1
5583,1.0,1
5584,1.0,1
5585,0.0,0
5586,0.0,0
5587,0.0,0
5588,1.0,1
5589,0.0,0
5590,0.0,0
5591,0.0,0
5592,1.0,1
5593,0.0,0
5594,0.0,0
5595,1.0,1
5596,0.0,0
5597,1.0,1
5598,1.0,1
5599,0.0,0
5600,1.0,0
5601,1.0,1
5602,0.0,1
5603,0.0,0
5604,1.0,1
5605,0.0,0
5606,1.0,1
5607,0.0,0
5608,1.0,1
5609,0.0,0
5610,0.0,0
5611,1.0,1
5612,0.0,1
5613,0.0,0
5614,0.0,1
5615,0.0,1
5616,1.0,0
5617,1.0,1
5618,0.0,1
5619,1.0,1
5620,0.0,1
5621,0.0,0
5622,1.0,1
5623,1.0,0
5624,1.0,1
5625,0.0,0
5626,0.0,1
5627,1.0,1
5628,1.0,0
5629,1.0,0
5630,1.0,0
5631,0.0,0
5632,0.0,0
5633,1.0,0
5634,1.0,1
5635,0.0,1
5636,1.0,0
5637,1.0,0
5638,0.0,0
5639,0.0,0
5640,1.0,1
5641,0.0,1
5642,1.0,0
5643,0.0,1
5644,1.0,1
5645,1.0,1
5646,0.0,1
5647,0.0,1
5648,1.0,0
5649,1.0,1
5650,0.0,0
5651,1.0,0
5652,0.0,0
5653,0.0,0
5654,0.0,0
5655,0.0,1
5656,0.0,1
5657,1.0,0
5658,0.0,0
5659,1.0,0
5660,1.0,0
5661,1.0,0
5662,1.0,0
5663,0.0,1
5664,1.0,0
5665,1.0,0
5666,1.0,0
5667,0.0,1
5668,0.0,1
5669,0.0,0
5670,1.0,0
5671,1.0,0
5672,1.0,0
5673,0.0,1
5674,0.0,1
5675,1.0,0
5676,0.0,1
5677,1.0,0
5678,0.0,1
5679,0.0,1
5680,1.0,0
5681,1.0,0
5682,0.0,1
5683,0.0,1
5684,0.0,1
5685,1.0,0
5686,0.0,1
5687,1.0,1
5688,1.0,0
5689,0.0,1
5690,0.0,1
5691,1.0,1
5692,1.0,1
5693,0.0,1
5694,0.0,1
5695,1.0,1
5696,0.0,1
5697,0.0,1
5698,0.0,0
5699,0.0,0
5700,1.0,0
5701,0.0,1
5702,0.0,1
5703,1.0,0
5704,0.0,1
5705,1.0,1
5706,1.0,0
5707,1.0,0
5708,0.0,1
5709,0.0,1
5710,0.0,1
5711,0.0,1
5712,0.0,1
5713,1.0,0
5714,0.0,1
5715,1.0,0
5716,1.0,0
5717,0.0,0
5718,1.0,0
5719,1.0,0
5720,0.0,1
5721,0.0,1
5722,1.0,0
5723,0.0,1
5724,0.0,1
5725,1.0,0
5726,0.0,1
5727,0.0,1
5728,1.0,0
5729,1.0,0
5730,0.0,1
5731,0.0,1
5732,1.0,0
5733,1.0,0
5734,1.0,0
5735,1.0,0
5736,1.0,0
5737,0.0,1
5738,0.0,1
5739,1.0,0
5740,0.0,1
5741,1.0,0
5742,0.0,1
5743,0.0,1
5744,1.0,0
5745,1.0,0
5746,1.0,0
5747,0.0,0
5748,1.0,1
5749,1.0,0
5750,1.0,0
5751,1.0,0
5752,0.0,1
5753,0.0,1
5754,1.0,0
5755,1.0,1
5756,1.0,0
5757,1.0,0
5758,0.0,1
5759,1.0,0
5760,0.0,1
5761,0.0,1
5762,0.0,1
5763,0.0,1
5764,1.0,0
5765,0.0,0
5766,1.0,0
5767,0.0,0
5768,0.0,1
5769,1.0,1
5770,1.0,0
5771,1.0,0
5772,0.0,1
5773,0.0,1
5774,0.0,0
5775,0.0,0
5776,0.0,0
5777,0.0,0
5778,1.0,1
5779,1.0,1
5780,0.0,0
5781,1.0,1
5782,0.0,0
5783,0.0,1
5784,0.0,0
5785,0.0,0
5786,1.0,1
5787,0.0,0
5788,0.0,0
5789,0.0,0
5790,0.0,1
5791,1.0,1
5792,0.0,0
5793,0.0,1
5794,0.0,1
5795,1.0,1
5796,0.0,0
5797,0.0,0
5798,1.0,1
5799,1.0,1
5800,0.0,0
5801,0.0,0
5802,1.0,0
5803,1.0,0
5804,1.0,1
5805,1.0,1
5806,0.0,0
5807,1.0,0
5808,1.0,0
5809,0.0,1
5810,1.0,1
5811,1.0,1
5812,1.0,1
5813,1.0,0
5814,1.0,1
5815,1.0,1
5816,1.0,1
5817,1.0,1
5818,1.0,1
5819,1.0,1
5820,1.0,1
5821,1.0,1
5822,0.0,0
5823,0.0,0
5824,1.0,1
5825,0.0,0
5826,1.0,0
5827,1.0,0
5828,1.0,1
5829,1.0,0
5830,1.0,0
5831,0.0,0
5832,1.0,0
5833,1.0,1
5834,1.0,1
5835,1.0,1
5836,1.0,0
5837,0.0,0
5838,0.0,0
5839,0.0,0
5840,1.0,0
5841,1.0,1
5842,1.0,1
5843,1.0,1
5844,0.0,0
5845,0.0,0
5846,0.0,0
5847,1.0,0
5848,0.0,0
5849,0.0,0
5850,0.0,0
5851,1.0,1
5852,1.0,1
5853,1.0,1
5854,0.0,0
5855,1.0,1
5856,1.0,0
5857,0.0,0
5858,0.0,0
5859,0.0,0
5860,1.0,0
5861,0.0,0
5862,0.0,0
5863,1.0,1
5864,0.0,0
5865,0.0,0
5866,1.0,0
5867,1.0,1
5868,1.0,0
5869,0.0,0
5870,1.0,1
5871,1.0,1
5872,0.0,0
5873,1.0,1
5874,1.0,1
5875,0.0,0
5876,0.0,0
5877,0.0,0
5878,1.0,0
5879,0.0,0
5880,1.0,1
5881,1.0,1
5882,1.0,1
5883,0.0,1
5884,0.0,0
5885,1.0,0
5886,0.0,0
5887,1.0,1
5888,0.0,0
5889,1.0,1
5890,1.0,0
5891,1.0,0
5892,0.0,0
5893,1.0,1
5894,1.0,1
5895,1.0,1
5896,0.0,0
5897,1.0,1
5898,0.0,1
5899,1.0,0
5900,1.0,1
5901,0.0,1
5902,1.0,1
5903,1.0,0
5904,1.0,1
5905,1.0,1
5906,1.0,1
5907,1.0,0
5908,0.0,0
5909,1.0,0
5910,1.0,1
5911,1.0,0
5912,0.0,0
5913,1.0,0
5914,1.0,1
5915,1.0,1
5916,1.0,1
5917,1.0,1
5918,1.0,0
5919,0.0,0
5920,0.0,0
5921,1.0,1
5922,0.0,0
5923,0.0,0
5924,1.0,1
5925,0.0,0
5926,1.0,1
5927,1.0,0
5928,1.0,1
5929,1.0,0
5930,1.0,1
5931,1.0,0
5932,1.0,0
5933,1.0,1
5934,0.0,0
5935,0.0,0
5936,1.0,1
5937,0.0,0
5938,0.0,0
5939,1.0,1
5940,1.0,1
5941,1.0,1
5942,1.0,0
5943,1.0,1
5944,1.0,1
5945,0.0,0
5946,1.0,0
5947,0.0,0
5948,1.0,1
5949,1.0,1
5950,1.0,1
5951,0.0,0
5952,1.0,1
5953,1.0,1
5954,0.0,0
5955,0.0,0
5956,0.0,0
5957,1.0,0
5958,1.0,0
5959,1.0,1
5960,0.0,0
5961,1.0,0
5962,1.0,0
5963,1.0,1
5964,0.0,0
5965,1.0,0
5966,1.0,1
5967,0.0,0
5968,1.0,1
5969,0.0,0
5970,0.0,0
5971,1.0,1
5972,0.0,0
5973,1.0,1
5974,0.0,0
5975,0.0,0
5976,0.0,1
5977,0.0,0
5978,0.0,0
5979,1.0,1
5980,0.0,0
5981,1.0,1
5982,0.0,1
5983,1.0,1
5984,0.0,0
5985,0.0,0
5986,0.0,0
5987,1.0,1
5988,0.0,0
5989,0.0,0
5990,0.0,0
5991,1.0,1
5992,0.0,0
5993,1.0,1
5994,1.0,1
5995,0.0,0
5996,1.0,1
5997,0.0,0
5998,0.0,1
5999,1.0,1
6000,1.0,1
6001,1.0,1
6002,1.0,0
6003,0.0,1
6004,0.0,0
6005,0.0,0
6006,1.0,1
6007,1.0,1
6008,1.0,1
6009,0.0,0
6010,0.0,0
6011,0.0,0
6012,0.0,0
6013,1.0,1
6014,1.0,1
6015,1.0,0
6016,1.0,1
6017,0.0,0
6018,1.0,1
6019,1.0,1
6020,0.0,0
6021,0.0,0
6022,1.0,1
6023,1.0,1
6024,1.0,1
6025,1.0,1
6026,1.0,1
6027,1.0,1
6028,1.0,1
6029,1.0,1
6030,1.0,1
6031,0.0,0
6032,0.0,0
6033,0.0,0
6034,0.0,0
6035,1.0,1
6036,0.0,0
6037,0.0,0
6038,1.0,1
6039,0.0,0
6040,0.0,0
6041,1.0,1
6042,0.0,0
6043,1.0,1
6044,1.0,0
6045,1.0,1
6046,1.0,1
6047,1.0,1
6048,0.0,0
6049,0.0,1
6050,1.0,1
6051,0.0,0
6052,0.0,1
6053,0.0,0
6054,1.0,0
6055,0.0,0
6056,1.0,1
6057,0.0,1
6058,0.0,0
6059,1.0,0
6060,1.0,1
6061,1.0,1
6062,0.0,0
6063,0.0,0
6064,0.0,1
6065,1.0,1
6066,0.0,0
6067,1.0,1
6068,1.0,1
6069,1.0,1
6070,0.0,0
6071,0.0,0
6072,0.0,1
6073,1.0,1
6074,1.0,1
6075,0.0,0
6076,0.0,0
6077,1.0,1
6078,1.0,1
6079,1.0,1
6080,0.0,0
6081,0.0,1
6082,1.0,1
6083,0.0,0
6084,1.0,0
6085,1.0,1
6086,1.0,0
6087,0.0,0
6088,1.0,1
6089,0.0,1
6090,0.0,0
6091,0.0,0
6092,0.0,0
6093,1.0,1
6094,0.0,0
6095,1.0,1
6096,1.0,1
6097,0.0,0
6098,1.0,1
6099,0.0,0
6100,1.0,1
6101,1.0,1
6102,1.0,1
6103,0.0,0
6104,0.0,0
6105,0.0,0
6106,1.0,1
6107,0.0,0
6108,0.0,0
6109,0.0,1
6110,1.0,1
6111,1.0,1
6112,0.0,0
6113,1.0,1
6114,0.0,0
6115,1.0,1
6116,0.0,1
6117,0.0,0
6118,0.0,0
6119,1.0,1
6120,0.0,0
6121,0.0,0
6122,1.0,0
6123,0.0,1
6124,0.0,0
6125,1.0,1
6126,0.0,0
6127,0.0,0
6128,1.0,1
6129,0.0,0
6130,0.0,0
6131,1.0,1
6132,0.0,0
6133,0.0,0
6134,1.0,1
6135,0.0,0
6136,1.0,1
6137,0.0,0
6138,1.0,1
6139,0.0,0
6140,0.0,0
6141,1.0,1
6142,0.0,0
6143,1.0,1
6144,0.0,0
6145,0.0,0
6146,0.0,0
6147,1.0,1
6148,0.0,0
6149,1.0,1
6150,0.0,0
6151,0.0,0
6152,0.0,0
6153,1.0,1
6154,1.0,1
6155,0.0,0
6156,0.0,0
6157,1.0,1
6158,1.0,1
6159,1.0,1
6160,0.0,0
6161,1.0,0
6162,0.0,0
6163,1.0,1
6164,1.0,1
6165,0.0,0
6166,1.0,1
6167,0.0,0
6168,1.0,1
6169,1.0,1
6170,0.0,1
6171,0.0,0
6172,0.0,0
6173,0.0,0
6174,1.0,1
6175,0.0,0
6176,1.0,1
6177,0.0,1
6178,1.0,1
6179,1.0,1
6180,0.0,0
6181,1.0,1
6182,0.0,0
6183,0.0,0
6184,0.0,0
6185,0.0,0
6186,1.0,1
6187,1.0,1
6188,0.0,0
6189,0.0,0
6190,1.0,1
6191,1.0,1
6192,0.0,1
6193,1.0,1
6194,0.0,0
6195,0.0,1
6196,0.0,0
6197,1.0,1
6198,0.0,0
6199,1.0,1
6200,1.0,1
6201,1.0,1
6202,1.0,1
6203,1.0,1
6204,1.0,1
6205,0.0,0
6206,1.0,1
6207,1.0,1
6208,0.0,0
6209,0.0,0
6210,1.0,1
6211,1.0,1
6212,0.0,0
6213,0.0,0
6214,1.0,1
6215,1.0,1
6216,1.0,1
6217,1.0,1
6218,0.0,0
6219,1.0,1
6220,1.0,0
6221,0.0,0
6222,1.0,1
6223,0.0,0
6224,0.0,0
6225,0.0,1
6226,1.0,1
6227,1.0,1
6228,1.0,1
6229,0.0,0
6230,1.0,1
6231,0.0,0
6232,0.0,0
6233,0.0,0
6234,0.0,0
6235,1.0,0
6236,0.0,0
6237,0.0,0
6238,0.0,0
6239,1.0,0
6240,1.0,1
6241,0.0,0
6242,0.0,0
6243,1.0,1
6244,0.0,0
6245,1.0,1
6246,0.0,0
6247,1.0,1
6248,0.0,0
6249,0.0,0
6250,1.0,1
6251,1.0,1
6252,0.0,0
6253,1.0,1
6254,0.0,0
6255,1.0,1
6256,0.0,0
6257,0.0,0
6258,1.0,1
6259,0.0,0
6260,0.0,0
6261,1.0,1
6262,0.0,0
6263,1.0,1
6264,1.0,1
6265,0.0,0
6266,1.0,1
6267,1.0,1
6268,1.0,1
6269,0.0,1
6270,0.0,0
6271,1.0,1
6272,1.0,1
6273,1.0,1
6274,0.0,0
6275,0.0,0
6276,0.0,0
6277,1.0,1
6278,1.0,0
6279,0.0,0
6280,0.0,0
6281,1.0,1
6282,1.0,1
6283,1.0,1
6284,1.0,1
6285,1.0,1
6286,1.0,1
6287,0.0,0
6288,1.0,0
6289,1.0,1
6290,0.0,0
6291,0.0,0
6292,0.0,0
6293,0.0,0
6294,1.0,1
6295,1.0,1
6296,1.0,1
6297,0.0,0
6298,0.0,1
6299,0.0,0
6300,0.0,0
6301,0.0,0
6302,0.0,0
6303,0.0,0
6304,1.0,1
6305,0.0,0
6306,0.0,0
6307,0.0,0
6308,0.0,0
6309,1.0,1
6310,1.0,1
6311,0.0,0
6312,0.0,1
6313,1.0,1
6314,1.0,0
6315,1.0,1
6316,0.0,0
6317,1.0,1
6318,0.0,1
6319,1.0,1
6320,1.0,1
6321,0.0,0
6322,0.0,1
6323,0.0,0
6324,0.0,0
6325,1.0,1
6326,1.0,1
6327,0.0,0
6328,0.0,0
6329,1.0,1
6330,1.0,1
6331,0.0,0
6332,0.0,0
6333,0.0,0
6334,1.0,0
6335,1.0,1
6336,0.0,0
6337,0.0,0
6338,0.0,0
6339,0.0,0
6340,0.0,0
6341,0.0,0
6342,1.0,1
6343,0.0,0
6344,0.0,0
6345,1.0,1
6346,0.0,0
6347,1.0,1
6348,0.0,0
6349,1.0,1
6350,1.0,1
6351,0.0,0
6352,0.0,0
6353,1.0,1
6354,0.0,0
6355,0.0,0
6356,0.0,0
6357,1.0,1
6358,0.0,0
6359,0.0,0
6360,0.0,0
6361,1.0,1
6362,1.0,1
6363,0.0,1
6364,1.0,0
6365,1.0,1
6366,1.0,1
6367,0.0,0
6368,1.0,1
6369,1.0,0
6370,1.0,1
6371,1.0,1
6372,0.0,0
6373,0.0,1
6374,1.0,0
6375,1.0,1
6376,0.0,1
6377,1.0,1
6378,0.0,0
6379,1.0,1
6380,0.0,0
6381,1.0,0
6382,0.0,1
6383,0.0,0
6384,0.0,0
6385,0.0,0
6386,1.0,1
6387,0.0,0
6388,0.0,0
6389,0.0,1
6390,0.0,0
6391,0.0,0
6392,1.0,1
6393,0.0,0
6394,1.0,1
6395,0.0,0
6396,1.0,1
6397,0.0,0
6398,0.0,0
6399,0.0,0
6400,1.0,1
6401,1.0,1
6402,0.0,0
6403,1.0,1
6404,0.0,0
6405,0.0,0
6406,0.0,0
6407,0.0,1
6408,1.0,1
6409,0.0,0
6410,0.0,0
6411,1.0,0
6412,0.0,0
6413,0.0,0
6414,0.0,1
6415,1.0,1
6416,0.0,0
6417,1.0,1
6418,1.0,1
6419,0.0,1
6420,0.0,0
6421,0.0,0
6422,1.0,1
6423,0.0,0
6424,0.0,1
6425,1.0,0
6426,0.0,0
6427,0.0,0
6428,0.0,0
6429,0.0,0
6430,1.0,0
6431,0.0,0
6432,1.0,1
6433,1.0,1
6434,0.0,0
6435,1.0,1
6436,1.0,1
6437,0.0,0
6438,1.0,1
6439,0.0,0
6440,0.0,0
6441,0.0,0
6442,1.0,1
6443,1.0,1
6444,1.0,1
6445,1.0,1
6446,1.0,1
6447,1.0,1
6448,0.0,0
6449,0.0,1
6450,0.0,0
6451,0.0,0
6452,1.0,1
6453,0.0,0
6454,1.0,1
6455,0.0,0
6456,0.0,0
6457,0.0,0
6458,0.0,0
6459,0.0,0
6460,0.0,1
6461,1.0,1
6462,1.0,0
6463,0.0,0
6464,1.0,1
6465,1.0,1
6466,1.0,1
6467,0.0,1
6468,1.0,0
6469,1.0,1
6470,0.0,0
6471,1.0,1
6472,1.0,1
6473,1.0,1
6474,0.0,0
6475,1.0,1
6476,1.0,1
6477,1.0,1
6478,1.0,1
6479,1.0,0
6480,0.0,0
6481,0.0,0
6482,1.0,1
6483,1.0,1
6484,1.0,0
6485,1.0,0
6486,1.0,1
6487,1.0,1
6488,0.0,0
6489,0.0,0
6490,1.0,0
6491,0.0,0
6492,1.0,1
6493,1.0,0
6494,1.0,1
6495,1.0,1
6496,0.0,0
6497,0.0,0
6498,0.0,0
6499,0.0,0
6500,0.0,0
6501,1.0,1
6502,0.0,0
6503,1.0,1
6504,1.0,1
6505,0.0,0
6506,1.0,1
6507,1.0,0
6508,1.0,1
6509,1.0,1
6510,1.0,0
6511,0.0,0
6512,1.0,1
6513,1.0,1
6514,1.0,1
6515,1.0,1
6516,1.0,1
6517,1.0,1
6518,1.0,1
6519,0.0,0
6520,1.0,1
6521,0.0,0
6522,0.0,0
6523,1.0,1
6524,0.0,0
6525,0.0,1
6526,1.0,1
6527,0.0,0
6528,0.0,0
6529,1.0,1
6530,1.0,1
6531,0.0,0
6532,1.0,1
6533,1.0,1
6534,1.0,1
6535,0.0,0
6536,1.0,1
6537,0.0,0
6538,1.0,1
6539,1.0,1
6540,0.0,0
6541,1.0,1
6542,0.0,0
6543,1.0,1
6544,1.0,1
6545,1.0,1
6546,1.0,1
6547,0.0,1
6548,1.0,1
6549,0.0,0
6550,1.0,1
6551,1.0,1
6552,0.0,0
6553,1.0,0
6554,0.0,0
6555,1.0,0
6556,0.0,0
6557,0.0,0
6558,1.0,1
6559,1.0,0
6560,1.0,1
6561,1.0,1
6562,0.0,1
6563,1.0,1
6564,1.0,1
6565,0.0,0
6566,1.0,1
6567,1.0,1
6568,1.0,0
6569,0.0,0
6570,0.0,0
6571,1.0,1
6572,1.0,1
6573,1.0,1
6574,1.0,1
6575,0.0,0
6576,0.0,0
6577,1.0,1
6578,0.0,0
6579,0.0,0
6580,1.0,1
6581,1.0,0
6582,0.0,0
6583,1.0,1
6584,0.0,0
6585,1.0,1
6586,1.0,1
6587,0.0,0
6588,0.0,0
6589,0.0,1
6590,1.0,1
6591,1.0,1
6592,0.0,0
6593,1.0,1
6594,1.0,1
6595,1.0,1
6596,1.0,1
6597,1.0,1
6598,0.0,0
6599,1.0,1
6600,0.0,0
6601,0.0,0
6602,0.0,0
6603,0.0,0
6604,0.0,0
6605,1.0,1
6606,1.0,1
6607,0.0,0
6608,0.0,0
6609,0.0,0
6610,1.0,1
6611,0.0,0
6612,1.0,1
6613,0.0,0
6614,0.0,0
6615,0.0,0
6616,0.0,0
6617,0.0,0
6618,0.0,0
6619,1.0,1
6620,0.0,0
6621,1.0,1
6622,0.0,0
6623,0.0,0
6624,1.0,1
6625,0.0,0
6626,1.0,0
6627,1.0,0
6628,0.0,0
6629,0.0,0
6630,0.0,0
6631,1.0,1
6632,1.0,1
6633,1.0,0
6634,0.0,0
6635,0.0,0
6636,1.0,0
6637,1.0,1
6638,0.0,0
6639,1.0,1
6640,0.0,0
6641,0.0,0
6642,1.0,1
6643,1.0,1
6644,0.0,1
6645,1.0,1
6646,1.0,1
6647,0.0,0
6648,1.0,1
6649,0.0,0
6650,0.0,0
6651,1.0,1
6652,1.0,1
6653,1.0,1
6654,0.0,0
6655,1.0,1
6656,1.0,1
6657,1.0,1
6658,0.0,1
6659,1.0,1
6660,0.0,1
6661,0.0,0
6662,1.0,1
6663,0.0,0
6664,1.0,1
6665,1.0,1
6666,1.0,1
6667,1.0,1
6668,1.0,1
6669,1.0,1
6670,1.0,1
6671,0.0,0
6672,0.0,0
6673,0.0,0
6674,1.0,1
6675,1.0,1
6676,1.0,1
6677,0.0,1
6678,0.0,0
6679,1.0,1
6680,1.0,1
6681,1.0,1
6682,1.0,1
6683,1.0,0
6684,1.0,0
6685,0.0,0
6686,1.0,1
6687,1.0,1
6688,0.0,0
6689,1.0,1
6690,1.0,1
6691,1.0,1
6692,0.0,0
6693,0.0,1
6694,1.0,1
6695,0.0,0
6696,0.0,0
6697,0.0,0
6698,1.0,1
6699,0.0,0
6700,0.0,0
6701,1.0,0
6702,1.0,1
6703,1.0,0
6704,1.0,1
6705,1.0,1
6706,0.0,0
6707,0.0,0
6708,1.0,1
6709,1.0,1
6710,1.0,1
6711,1.0,1
6712,0.0,0
6713,0.0,1
6714,1.0,1
6715,0.0,0
6716,0.0,0
6717,1.0,1
6718,1.0,1
6719,1.0,1
6720,0.0,0
6721,0.0,0
6722,1.0,1
6723,1.0,1
6724,1.0,1
6725,1.0,1
6726,1.0,1
6727,1.0,1
6728,1.0,1
6729,1.0,1
6730,1.0,1
6731,1.0,1
6732,0.0,0
6733,0.0,0
6734,0.0,0
6735,0.0,0
6736,1.0,1
6737,1.0,1
6738,1.0,0
6739,0.0,0
6740,1.0,1
6741,1.0,1
6742,0.0,0
6743,1.0,1
6744,1.0,1
6745,1.0,1
6746,1.0,0
6747,0.0,0
6748,1.0,1
6749,1.0,1
6750,1.0,1
6751,1.0,0
6752,1.0,1
6753,0.0,0
6754,1.0,1
6755,1.0,1
6756,1.0,1
6757,1.0,1
6758,0.0,0
6759,1.0,1
6760,1.0,1
6761,0.0,0
6762,0.0,0
6763,1.0,1
6764,1.0,0
6765,0.0,0
6766,0.0,0
6767,0.0,0
6768,0.0,0
6769,0.0,0
6770,0.0,0
6771,0.0,0
6772,1.0,1
6773,1.0,1
6774,1.0,1
6775,1.0,0
6776,0.0,1
6777,0.0,0
6778,1.0,1
6779,0.0,0
6780,0.0,0
6781,0.0,0
6782,0.0,0
6783,1.0,1
6784,0.0,0
6785,0.0,1
6786,1.0,1
6787,0.0,0
6788,1.0,1
6789,1.0,1
6790,1.0,1
6791,1.0,1
6792,1.0,1
6793,0.0,0
6794,1.0,1
6795,1.0,1
6796,1.0,0
6797,0.0,0
6798,1.0,1
6799,0.0,0
6800,0.0,0
6801,1.0,1
6802,1.0,1
6803,1.0,0
6804,1.0,1
6805,1.0,1
6806,1.0,0
6807,1.0,1
6808,0.0,0
6809,0.0,0
6810,0.0,0
6811,0.0,1
6812,0.0,1
6813,1.0,0
6814,1.0,0
6815,1.0,1
6816,0.0,0
6817,1.0,1
6818,1.0,0
6819,1.0,1
6820,0.0,0
6821,0.0,0
6822,1.0,1
6823,1.0,1
6824,1.0,1
6825,1.0,1
6826,1.0,1
6827,1.0,1
6828,0.0,0
6829,1.0,1
6830,1.0,1
6831,0.0,0
6832,1.0,1
6833,1.0,1
6834,0.0,1
6835,1.0,1
6836,0.0,0
6837,0.0,0
6838,1.0,0
6839,0.0,0
6840,1.0,0
6841,0.0,0
6842,1.0,1
6843,1.0,1
6844,1.0,1
6845,1.0,1
6846,1.0,1
6847,0.0,1
6848,1.0,0
6849,1.0,1
6850,1.0,1
6851,0.0,1
6852,0.0,0
6853,1.0,1
6854,1.0,0
6855,1.0,1
6856,1.0,1
6857,1.0,1
6858,1.0,1
6859,1.0,1
6860,1.0,0
6861,0.0,0
6862,1.0,1
6863,0.0,0
6864,1.0,1
6865,0.0,0
6866,1.0,1
6867,0.0,0
6868,1.0,1
6869,1.0,1
6870,0.0,0
6871,0.0,0
6872,1.0,0
6873,0.0,0
6874,0.0,0
6875,1.0,1
6876,1.0,0
6877,0.0,0
6878,0.0,0
6879,0.0,0
6880,0.0,0
6881,0.0,0
6882,1.0,0
6883,0.0,0
6884,0.0,0
6885,0.0,0
6886,0.0,0
6887,1.0,1
6888,0.0,0
6889,1.0,1
6890,0.0,1
6891,0.0,0
6892,0.0,0
6893,1.0,1
6894,0.0,0
6895,1.0,1
6896,0.0,0
6897,1.0,1
6898,0.0,0
6899,1.0,1
6900,1.0,1
6901,0.0,0
6902,0.0,0
6903,0.0,0
6904,0.0,1
6905,0.0,0
6906,0.0,0
6907,0.0,0
6908,0.0,0
6909,0.0,0
6910,0.0,1
6911,1.0,0
6912,0.0,0
6913,1.0,1
6914,1.0,1
6915,0.0,1
6916,0.0,0
6917,0.0,0
6918,0.0,0
6919,0.0,0
6920,1.0,1
6921,0.0,0
6922,0.0,0
6923,1.0,1
6924,1.0,1
6925,0.0,0
6926,1.0,1
6927,0.0,0
6928,0.0,0
6929,1.0,1
6930,0.0,0
6931,1.0,1
6932,1.0,1
6933,0.0,1
6934,1.0,1
6935,0.0,0
6936,0.0,0
6937,1.0,1
6938,0.0,0
6939,1.0,1
6940,0.0,0
6941,0.0,0
6942,0.0,1
6943,0.0,1
6944,0.0,0
6945,1.0,1
6946,1.0,1
6947,0.0,0
6948,1.0,1
6949,1.0,1
6950,0.0,0
6951,1.0,1
6952,1.0,1
6953,0.0,0
6954,0.0,0
6955,1.0,1
6956,1.0,1
6957,1.0,1
6958,0.0,0
6959,0.0,1
6960,0.0,1
6961,1.0,1
6962,1.0,1
6963,0.0,0
6964,1.0,1
6965,1.0,1
6966,1.0,1
6967,0.0,0
6968,0.0,0
6969,1.0,1
6970,0.0,0
6971,0.0,0
6972,0.0,0
6973,0.0,0
6974,0.0,0
6975,0.0,0
6976,1.0,1
6977,0.0,0
6978,0.0,0
6979,1.0,1
6980,0.0,1
6981,0.0,0
6982,0.0,0
6983,0.0,0
6984,1.0,1
6985,0.0,0
6986,1.0,1
6987,1.0,1
6988,1.0,0
6989,0.0,0
6990,1.0,1
6991,1.0,1
6992,0.0,1
6993,0.0,0
6994,0.0,0
6995,1.0,1
6996,0.0,1
6997,0.0,0
6998,0.0,1
6999,0.0,1
7000,0.0,0
7001,1.0,1
7002,0.0,0
7003,0.0,0
7004,0.0,0
7005,0.0,0
7006,1.0,0
7007,0.0,0
7008,1.0,1
7009,1.0,1
7010,1.0,1
7011,0.0,0
7012,1.0,1
7013,1.0,1
7014,0.0,0
7015,0.0,1
7016,0.0,0
7017,1.0,1
7018,1.0,1
7019,0.0,0
7020,0.0,1
7021,0.0,1
7022,1.0,0
7023,1.0,1
7024,0.0,1
7025,0.0,0
7026,1.0,1
7027,0.0,0
7028,1.0,1
7029,0.0,1
7030,0.0,0
7031,0.0,0
7032,1.0,1
7033,0.0,0
7034,0.0,0
7035,1.0,1
7036,1.0,1
7037,0.0,0
7038,1.0,1
7039,0.0,0
7040,1.0,1
7041,1.0,1
7042,0.0,0
7043,0.0,0
7044,1.0,1
7045,0.0,0
7046,1.0,1
7047,0.0,0
7048,0.0,0
7049,0.0,0
7050,0.0,0
7051,1.0,1
7052,0.0,0
7053,1.0,1
7054,0.0,0
7055,0.0,0
7056,0.0,0
7057,1.0,1
7058,0.0,0
7059,0.0,0
7060,1.0,0
7061,0.0,0
7062,0.0,0
7063,1.0,1
7064,0.0,1
7065,0.0,0
7066,0.0,0
7067,1.0,1
7068,1.0,1
7069,1.0,1
7070,0.0,1
7071,0.0,0
7072,0.0,0
7073,1.0,1
7074,1.0,0
7075,1.0,1
7076,0.0,0
7077,1.0,1
7078,1.0,1
7079,1.0,1
7080,0.0,1
7081,0.0,0
7082,1.0,1
7083,0.0,1
7084,1.0,1
7085,0.0,0
7086,1.0,1
7087,1.0,1
7088,0.0,0
7089,0.0,1
7090,0.0,0
7091,0.0,0
7092,1.0,1
7093,0.0,0
7094,0.0,0
7095,1.0,1
7096,0.0,1
7097,0.0,0
7098,0.0,0
7099,1.0,1
7100,0.0,1
7101,0.0,0
7102,1.0,1
7103,0.0,1
7104,1.0,1
7105,1.0,1
7106,1.0,0
7107,0.0,0
7108,0.0,0
7109,0.0,0
7110,0.0,0
7111,1.0,1
7112,1.0,1
7113,1.0,1
7114,0.0,0
7115,0.0,0
7116,0.0,0
7117,0.0,0
7118,0.0,0
7119,1.0,1
7120,0.0,0
7121,0.0,0
7122,1.0,1
7123,0.0,1
7124,1.0,0
7125,1.0,1
7126,1.0,1
7127,1.0,1
7128,1.0,0
7129,0.0,0
7130,1.0,0
7131,0.0,0
7132,1.0,1
7133,1.0,1
7134,0.0,0
7135,1.0,0
7136,1.0,1
7137,1.0,1
7138,1.0,1
7139,0.0,0
7140,1.0,0
7141,0.0,0
7142,1.0,1
7143,0.0,0
7144,1.0,1
7145,1.0,1
7146,0.0,0
7147,1.0,1
7148,0.0,0
7149,0.0,0
7150,0.0,0
7151,1.0,0
7152,0.0,0
7153,0.0,0
7154,0.0,0
7155,0.0,0
7156,1.0,1
7157,1.0,1
7158,1.0,1
7159,0.0,0
7160,1.0,0
7161,0.0,0
7162,0.0,0
7163,0.0,0
7164,0.0,0
7165,1.0,1
7166,1.0,0
7167,1.0,1
7168,0.0,0
7169,0.0,0
7170,1.0,1
7171,0.0,0
7172,0.0,0
7173,1.0,1
7174,1.0,1
7175,1.0,1
7176,1.0,1
7177,1.0,1
7178,0.0,0
7179,1.0,1
7180,1.0,1
7181,1.0,1
7182,1.0,1
7183,1.0,1
7184,1.0,1
7185,0.0,0
7186,1.0,1
7187,0.0,0
7188,0.0,0
7189,1.0,1
7190,0.0,0
7191,0.0,1
7192,0.0,0
7193,1.0,1
7194,0.0,0
7195,0.0,0
7196,0.0,0
7197,1.0,1
7198,0.0,0
7199,1.0,1
7200,0.0,0
7201,1.0,0
7202,0.0,0
7203,1.0,1
7204,0.0,0
7205,1.0,0
7206,1.0,0
7207,1.0,1
7208,0.0,0
7209,0.0,0
7210,1.0,1
7211,1.0,1
7212,0.0,0
7213,1.0,1
7214,0.0,0
7215,1.0,1
7216,0.0,0
7217,0.0,1
7218,1.0,1
7219,0.0,0
7220,1.0,1
7221,0.0,0
7222,0.0,0
7223,0.0,0
7224,1.0,1
7225,0.0,0
7226,0.0,0
7227,1.0,1
7228,0.0,0
7229,1.0,1
7230,0.0,0
7231,1.0,1
7232,1.0,1
7233,0.0,0
7234,1.0,1
7235,0.0,0
7236,0.0,0
7237,1.0,1
7238,1.0,1
7239,1.0,1
7240,0.0,0
7241,1.0,1
7242,0.0,0
7243,1.0,1
7244,0.0,0
7245,1.0,1
7246,0.0,0
7247,1.0,1
7248,0.0,0
7249,1.0,1
7250,1.0,1
7251,1.0,1
7252,0.0,0
7253,1.0,1
7254,1.0,0
7255,0.0,0
7256,0.0,0
7257,1.0,0
7258,0.0,0
7259,1.0,1
7260,1.0,1
7261,1.0,1
7262,0.0,0
7263,0.0,0
7264,0.0,0
7265,1.0,0
7266,0.0,0
7267,1.0,1
7268,1.0,1
7269,1.0,1
7270,1.0,1
7271,1.0,1
7272,0.0,1
7273,1.0,1
7274,1.0,0
7275,1.0,1
7276,1.0,0
7277,1.0,1
7278,0.0,0
7279,0.0,0
7280,0.0,0
7281,0.0,0
7282,0.0,0
7283,0.0,1
7284,1.0,0
7285,1.0,1
7286,1.0,1
7287,0.0,0
7288,0.0,0
7289,0.0,0
7290,0.0,0
7291,0.0,0
7292,0.0,0
7293,1.0,0
7294,0.0,0
7295,1.0,1
7296,0.0,0
7297,0.0,0
7298,1.0,1
7299,0.0,1
7300,1.0,1
7301,0.0,0
7302,0.0,0
7303,0.0,1
7304,0.0,0
7305,1.0,1
7306,0.0,0
7307,1.0,1
7308,1.0,1
7309,0.0,0
7310,1.0,1
7311,0.0,0
7312,1.0,1
7313,0.0,0
7314,1.0,0
7315,1.0,1
7316,1.0,1
7317,0.0,1
7318,1.0,1
7319,0.0,0
7320,1.0,1
7321,1.0,1
7322,1.0,0
7323,1.0,1
7324,0.0,0
7325,1.0,1
7326,0.0,0
7327,0.0,0
7328,0.0,0
7329,1.0,1
7330,0.0,0
7331,0.0,1
7332,1.0,1
7333,0.0,0
7334,0.0,0
7335,0.0,0
7336,0.0,0
7337,0.0,0
7338,0.0,0
7339,0.0,1
7340,1.0,0
7341,1.0,1
7342,0.0,0
7343,1.0,1
7344,1.0,1
7345,1.0,1
7346,1.0,1
7347,0.0,1
7348,0.0,0
7349,1.0,1
7350,1.0,1
7351,0.0,0
7352,0.0,0
7353,1.0,1
7354,0.0,1
7355,1.0,1
7356,0.0,1
7357,1.0,1
7358,1.0,1
7359,1.0,1
7360,1.0,1
7361,0.0,1
7362,0.0,0
7363,1.0,1
7364,1.0,1
7365,1.0,1
7366,1.0,1
7367,1.0,1
7368,0.0,0
7369,1.0,1
7370,1.0,0
7371,1.0,1
7372,1.0,1
7373,1.0,1
7374,0.0,0
7375,1.0,1
7376,0.0,0
7377,0.0,0
7378,0.0,1
7379,1.0,1
7380,1.0,1
7381,0.0,0
7382,0.0,0
7383,0.0,0
7384,1.0,1
7385,0.0,0
7386,1.0,1
7387,1.0,1
7388,1.0,1
7389,1.0,1
7390,0.0,0
7391,1.0,1
7392,1.0,1
7393,0.0,0
7394,1.0,0
7395,1.0,1
7396,0.0,1
7397,1.0,1
7398,0.0,0
7399,0.0,0
7400,1.0,1
7401,1.0,1
7402,1.0,1
7403,0.0,0
7404,0.0,0
7405,0.0,0
7406,0.0,0
7407,1.0,1
7408,1.0,1
7409,0.0,0
7410,1.0,0
7411,0.0,0
7412,0.0,1
7413,0.0,1
7414,1.0,1
7415,0.0,0
7416,1.0,1
7417,1.0,1
7418,1.0,1
7419,1.0,1
7420,0.0,0
7421,0.0,0
7422,1.0,1
7423,0.0,1
7424,1.0,0
7425,0.0,0
7426,0.0,0
7427,0.0,1
7428,1.0,1
7429,1.0,1
7430,0.0,1
7431,1.0,1
7432,0.0,0
7433,0.0,0
7434,0.0,0
7435,1.0,1
7436,0.0,0
7437,1.0,1
7438,0.0,1
7439,0.0,0
7440,1.0,1
7441,1.0,0
7442,1.0,1
7443,0.0,1
7444,1.0,1
7445,0.0,0
7446,1.0,1
7447,1.0,1
7448,0.0,0
7449,0.0,0
7450,1.0,1
7451,1.0,1
7452,0.0,0
7453,1.0,1
7454,1.0,0
7455,1.0,1
7456,0.0,0
7457,1.0,1
7458,1.0,1
7459,0.0,0
7460,1.0,1
7461,1.0,0
7462,1.0,1
7463,1.0,1
7464,0.0,0
7465,0.0,0
7466,1.0,1
7467,1.0,1
7468,1.0,1
7469,1.0,1
7470,1.0,1
7471,1.0,1
7472,1.0,1
7473,1.0,1
7474,1.0,1
7475,0.0,0
7476,1.0,1
7477,1.0,1
7478,1.0,1
7479,0.0,0
7480,0.0,0
7481,0.0,0
7482,1.0,1
7483,0.0,0
7484,1.0,1
7485,1.0,1
7486,1.0,1
7487,1.0,1
7488,0.0,0
7489,0.0,0
7490,0.0,0
7491,0.0,0
7492,1.0,0
7493,0.0,0
7494,1.0,1
7495,1.0,1
7496,0.0,0
7497,0.0,0
7498,1.0,1
7499,0.0,0
7500,1.0,1
7501,0.0,0
7502,1.0,0
7503,0.0,0
7504,1.0,1
7505,1.0,1
7506,1.0,0
7507,1.0,1
7508,1.0,1
7509,1.0,1
7510,0.0,1
7511,1.0,1
7512,0.0,0
7513,1.0,1
7514,0.0,0
7515,1.0,1
7516,1.0,1
7517,1.0,1
7518,0.0,0
7519,1.0,1
7520,0.0,0
7521,1.0,1
7522,0.0,0
7523,1.0,1
7524,0.0,1
7525,0.0,0
7526,0.0,0
7527,1.0,1
7528,1.0,1
7529,1.0,1
7530,1.0,1
7531,0.0,0
7532,0.0,0
7533,0.0,1
7534,1.0,1
7535,1.0,1
7536,1.0,1
7537,1.0,1
7538,0.0,0
7539,0.0,0
7540,1.0,0
7541,1.0,1
7542,0.0,0
7543,0.0,0
7544,0.0,0
7545,1.0,0
7546,1.0,1
7547,1.0,1
7548,1.0,1
7549,1.0,1
7550,1.0,0
7551,0.0,0
7552,1.0,0
7553,1.0,0
7554,1.0,1
7555,0.0,1
7556,1.0,1
7557,0.0,0
7558,1.0,1
7559,1.0,0
7560,0.0,1
7561,0.0,0
7562,1.0,0
7563,1.0,1
7564,0.0,1
7565,0.0,1
7566,1.0,0
7567,0.0,0
7568,0.0,0
7569,1.0,1
7570,1.0,1
7571,1.0,0
7572,1.0,1
7573,0.0,1
7574,1.0,0
7575,1.0,1
7576,0.0,1
7577,1.0,0
7578,0.0,1
7579,0.0,1
7580,0.0,1
7581,0.0,1
7582,1.0,0
7583,1.0,0
7584,1.0,0
7585,0.0,0
7586,0.0,1
7587,1.0,1
7588,0.0,1
7589,0.0,1
7590,0.0,1
7591,0.0,1
7592,1.0,0
7593,1.0,0
7594,1.0,0
7595,1.0,1
7596,1.0,1
7597,1.0,1
7598,1.0,1
7599,1.0,0
7600,1.0,1
7601,1.0,1
7602,1.0,1
7603,1.0,1
7604,1.0,0
7605,1.0,0
7606,1.0,1
7607,1.0,0
7608,1.0,1
7609,1.0,1
7610,1.0,0
7611,1.0,0
7612,1.0,0
7613,1.0,0
7614,1.0,1
7615,1.0,0
7616,1.0,1
7617,1.0,0
7618,0.0,1
7619,1.0,1
7620,1.0,0
7621,1.0,1
7622,1.0,0
7623,1.0,0
7624,1.0,0
7625,1.0,0
7626,1.0,0
7627,1.0,1
7628,1.0,1
7629,1.0,1
7630,1.0,1
7631,1.0,1
7632,1.0,1
7633,1.0,1
7634,1.0,0
7635,1.0,1
7636,1.0,1
7637,1.0,0
7638,1.0,1
7639,1.0,0
7640,1.0,0
7641,1.0,1
7642,1.0,0
7643,1.0,0
7644,1.0,0
7645,1.0,1
7646,1.0,0
7647,1.0,0
7648,1.0,0
7649,1.0,0
7650,1.0,0
7651,1.0,0
7652,1.0,1
7653,1.0,1
7654,1.0,0
7655,1.0,0
7656,1.0,0
7657,1.0,1
7658,1.0,0
7659,1.0,0
7660,1.0,1
7661,1.0,1
7662,1.0,1
7663,1.0,0
7664,1.0,0
7665,1.0,0
7666,1.0,0
7667,1.0,1
7668,1.0,0
7669,1.0,1
7670,1.0,0
7671,1.0,0
7672,1.0,1
7673,1.0,1
7674,1.0,0
7675,1.0,0
7676,1.0,0
7677,1.0,1
7678,1.0,1
7679,1.0,0
7680,1.0,1
7681,1.0,1
7682,1.0,1
7683,1.0,1
7684,1.0,0
7685,1.0,1
7686,1.0,1
7687,1.0,1
7688,1.0,1
7689,1.0,1
7690,1.0,1
7691,1.0,1
7692,0.0,0
7693,1.0,1
7694,1.0,1
7695,1.0,0
7696,1.0,1
7697,1.0,0
7698,1.0,0
7699,1.0,0
7700,1.0,0
7701,1.0,1
7702,1.0,1
7703,1.0,0
7704,1.0,0
7705,1.0,0
7706,1.0,0
7707,1.0,0
7708,1.0,0
7709,1.0,0
7710,1.0,1
7711,1.0,1
7712,1.0,1
7713,1.0,0
7714,1.0,1
7715,1.0,1
7716,1.0,1
7717,1.0,1
7718,1.0,1
7719,1.0,0
7720,0.0,1
7721,1.0,0
7722,1.0,0
7723,1.0,1
7724,1.0,1
7725,1.0,0
7726,1.0,1
7727,1.0,1
7728,1.0,0
7729,1.0,0
7730,1.0,1
7731,1.0,0
7732,1.0,1
7733,1.0,1
7734,1.0,1
7735,1.0,0
7736,1.0,0
7737,1.0,1
7738,1.0,1
7739,1.0,1
7740,1.0,0
7741,1.0,1
7742,1.0,0
7743,1.0,1
7744,1.0,1
7745,1.0,1
7746,1.0,1
7747,1.0,0
7748,1.0,0
7749,1.0,1
7750,1.0,0
7751,1.0,1
7752,0.0,0
7753,0.0,0
7754,0.0,0
7755,1.0,1
7756,0.0,0
7757,0.0,0
7758,1.0,1
7759,1.0,1
7760,1.0,1
7761,0.0,0
7762,1.0,1
7763,1.0,0
7764,0.0,0
7765,0.0,0
7766,1.0,1
7767,1.0,1
7768,0.0,0
7769,0.0,1
7770,1.0,1
7771,1.0,1
7772,1.0,1
7773,0.0,0
7774,0.0,0
7775,0.0,0
7776,1.0,1
7777,1.0,0
7778,0.0,0
7779,0.0,0
7780,1.0,1
7781,0.0,0
7782,0.0,0
7783,0.0,1
7784,0.0,0
7785,1.0,1
7786,1.0,1
7787,0.0,0
7788,0.0,0
7789,0.0,0
7790,0.0,0
7791,1.0,1
7792,1.0,1
7793,1.0,1
7794,1.0,1
7795,0.0,0
7796,1.0,1
7797,0.0,0
7798,0.0,0
7799,1.0,0
7800,0.0,0
7801,0.0,0
7802,0.0,1
7803,0.0,0
7804,1.0,0
7805,1.0,1
7806,0.0,0
7807,1.0,1
7808,0.0,0
7809,1.0,1
7810,0.0,0
7811,1.0,1
7812,0.0,0
7813,1.0,1
7814,0.0,0
7815,0.0,0
7816,0.0,0
7817,0.0,0
7818,1.0,1
7819,1.0,1
7820,0.0,0
7821,0.0,0
7822,0.0,0
7823,0.0,0
7824,0.0,0
7825,1.0,1
7826,0.0,0
7827,0.0,0
7828,0.0,0
7829,1.0,1
7830,0.0,0
7831,0.0,0
7832,1.0,1
7833,0.0,0
7834,1.0,0
7835,1.0,1
7836,0.0,0
7837,0.0,0
7838,1.0,0
7839,0.0,0
7840,0.0,0
7841,0.0,0
7842,1.0,1
7843,0.0,0
7844,0.0,0
7845,0.0,0
7846,1.0,1
7847,0.0,1
7848,0.0,0
7849,1.0,1
7850,1.0,1
7851,1.0,0
7852,1.0,1
7853,0.0,0
7854,0.0,0
7855,0.0,0
7856,0.0,0
7857,1.0,0
7858,1.0,1
7859,0.0,0
7860,1.0,1
7861,0.0,1
7862,0.0,0
7863,1.0,1
7864,0.0,1
7865,1.0,1
7866,0.0,0
7867,1.0,1
7868,0.0,1
7869,1.0,1
7870,1.0,1
7871,1.0,1
7872,1.0,1
7873,1.0,0
7874,1.0,1
7875,0.0,0
7876,1.0,1
7877,0.0,0
7878,0.0,0
7879,1.0,1
7880,0.0,0
7881,1.0,1
7882,0.0,0
7883,0.0,0
7884,1.0,1
7885,0.0,0
7886,1.0,1
7887,1.0,1
7888,1.0,1
7889,0.0,0
7890,0.0,0
7891,0.0,1
7892,1.0,1
7893,0.0,0
7894,1.0,1
7895,0.0,0
7896,0.0,0
7897,0.0,0
7898,1.0,1
7899,0.0,0
7900,1.0,1
7901,0.0,0
7902,1.0,1
7903,1.0,1
7904,0.0,1
7905,0.0,0
7906,1.0,1
7907,1.0,1
7908,0.0,0
7909,0.0,0
7910,0.0,0
7911,1.0,1
7912,0.0,0
7913,1.0,1
7914,0.0,0
7915,0.0,0
7916,0.0,0
7917,1.0,1
7918,1.0,1
7919,1.0,1
7920,0.0,0
7921,0.0,0
7922,1.0,1
7923,0.0,0
7924,0.0,0
7925,1.0,0
7926,0.0,0
7927,0.0,0
7928,1.0,1
7929,1.0,1
7930,0.0,0
7931,0.0,0
7932,1.0,1
7933,0.0,0
7934,0.0,0
7935,0.0,0
7936,0.0,0
7937,1.0,1
7938,1.0,1
7939,0.0,0
7940,1.0,1
7941,1.0,1
7942,0.0,0
7943,1.0,1
7944,0.0,0
7945,1.0,1
7946,0.0,0
7947,0.0,1
7948,0.0,0
7949,1.0,1
7950,0.0,0
7951,0.0,0
7952,1.0,1
7953,1.0,1
7954,0.0,0
7955,0.0,0
7956,1.0,1
7957,1.0,1
7958,0.0,0
7959,0.0,0
7960,1.0,1
7961,0.0,0
7962,0.0,0
7963,0.0,0
7964,0.0,0
7965,1.0,1
7966,1.0,1
7967,0.0,1
7968,0.0,0
7969,0.0,0
7970,1.0,1
7971,1.0,1
7972,1.0,1
7973,0.0,0
7974,0.0,0
7975,1.0,1
7976,1.0,1
7977,0.0,0
7978,0.0,0
7979,1.0,1
7980,0.0,0
7981,1.0,0
7982,0.0,0
7983,1.0,1
7984,0.0,0
7985,0.0,0
7986,1.0,1
7987,0.0,1
7988,1.0,1
7989,0.0,0
7990,1.0,1
7991,1.0,1
7992,1.0,0
7993,0.0,0
7994,1.0,1
7995,0.0,0
7996,1.0,1
7997,1.0,1
7998,0.0,0
7999,0.0,0
8000,1.0,1
8001,1.0,1
8002,1.0,1
8003,1.0,1
8004,0.0,0
8005,1.0,1
8006,0.0,0
8007,1.0,1
8008,0.0,0
8009,1.0,1
8010,1.0,0
8011,0.0,0
8012,0.0,0
8013,0.0,1
8014,1.0,1
8015,0.0,0
8016,0.0,0
8017,0.0,0
8018,1.0,1
8019,1.0,1
8020,1.0,1
8021,0.0,0
8022,1.0,1
8023,0.0,0
8024,1.0,1
8025,1.0,1
8026,0.0,1
8027,1.0,1
8028,1.0,1
8029,0.0,0
8030,0.0,0
8031,0.0,0
8032,0.0,0
8033,0.0,0
8034,0.0,0
8035,1.0,1
8036,1.0,1
8037,1.0,1
8038,0.0,1
8039,0.0,1
8040,1.0,1
8041,0.0,0
8042,0.0,0
8043,0.0,1
8044,0.0,0
8045,1.0,1
8046,1.0,1
8047,0.0,0
8048,0.0,0
8049,0.0,0
8050,0.0,0
8051,0.0,0
8052,1.0,1
8053,0.0,0
8054,1.0,1
8055,1.0,0
8056,1.0,1
8057,1.0,1
8058,0.0,0
8059,1.0,1
8060,0.0,0
8061,1.0,0
8062,0.0,0
8063,1.0,0
8064,0.0,0
8065,0.0,0
8066,0.0,0
8067,1.0,1
8068,1.0,1
8069,1.0,1
8070,1.0,1
8071,1.0,0
8072,1.0,1
8073,1.0,1
8074,1.0,0
8075,1.0,1
8076,1.0,1
8077,1.0,1
8078,0.0,0
8079,1.0,1
8080,0.0,0
8081,1.0,1
8082,0.0,0
8083,1.0,1
8084,1.0,1
8085,1.0,1
8086,0.0,0
8087,1.0,1
8088,0.0,0
8089,1.0,1
8090,1.0,0
8091,1.0,1
8092,0.0,1
8093,0.0,0
8094,0.0,0
8095,0.0,1
8096,0.0,0
8097,0.0,0
8098,1.0,1
8099,1.0,1
8100,0.0,0
8101,0.0,1
8102,0.0,0
8103,1.0,1
8104,0.0,0
8105,1.0,1
8106,0.0,0
8107,1.0,1
8108,1.0,1
8109,1.0,1
8110,0.0,0
8111,0.0,0
8112,0.0,0
8113,1.0,0
8114,0.0,1
8115,0.0,0
8116,0.0,0
8117,1.0,1
8118,0.0,0
8119,0.0,0
8120,0.0,0
8121,0.0,0
8122,0.0,0
8123,0.0,1
8124,1.0,1
8125,0.0,0
8126,0.0,0
8127,0.0,0
8128,1.0,1
8129,1.0,1
8130,1.0,1
8131,0.0,0
8132,1.0,1
8133,0.0,0
8134,0.0,1
8135,0.0,0
8136,1.0,1
8137,1.0,1
8138,0.0,1
8139,0.0,0
8140,1.0,1
8141,1.0,1
8142,0.0,0
8143,0.0,0
8144,1.0,0
8145,0.0,1
8146,1.0,1
8147,0.0,0
8148,1.0,1
8149,1.0,1
8150,1.0,0
8151,1.0,1
8152,0.0,0
8153,1.0,1
8154,0.0,0
8155,1.0,1
8156,0.0,0
8157,0.0,0
8158,1.0,1
8159,1.0,1
8160,1.0,1
8161,0.0,0
8162,0.0,1
8163,1.0,1
8164,0.0,0
8165,0.0,0
8166,1.0,1
8167,0.0,0
8168,1.0,1
8169,1.0,1
8170,0.0,0
8171,1.0,1
8172,0.0,1
8173,1.0,1
8174,1.0,0
8175,0.0,0
8176,0.0,0
8177,1.0,1
8178,1.0,1
8179,0.0,0
8180,1.0,1
8181,1.0,1
8182,1.0,1
8183,0.0,0
8184,1.0,1
8185,0.0,0
8186,0.0,0
8187,0.0,0
8188,1.0,0
8189,1.0,1
8190,1.0,1
8191,1.0,1
8192,0.0,1
8193,1.0,1
8194,0.0,0
8195,0.0,0
8196,0.0,0
8197,1.0,0
8198,1.0,1
8199,1.0,1
8200,0.0,0
8201,0.0,1
8202,1.0,1
8203,0.0,1
8204,0.0,0
8205,1.0,1
8206,1.0,1
8207,0.0,0
8208,1.0,1
8209,1.0,1
8210,1.0,1
8211,1.0,1
8212,1.0,1
8213,1.0,1
8214,1.0,1
8215,1.0,1
8216,0.0,0
8217,1.0,1
8218,0.0,0
8219,1.0,1
8220,1.0,1
8221,1.0,1
8222,0.0,0
8223,1.0,0
8224,1.0,1
8225,0.0,0
8226,0.0,0
8227,1.0,1
8228,0.0,0
8229,0.0,0
8230,1.0,1
8231,1.0,1
8232,1.0,1
8233,0.0,0
8234,1.0,1
8235,0.0,0
8236,1.0,1
8237,0.0,0
8238,1.0,1
8239,1.0,1
8240,1.0,1
8241,1.0,0
8242,0.0,0
8243,1.0,1
8244,1.0,1
8245,1.0,1
8246,0.0,0
8247,0.0,0
8248,1.0,1
8249,1.0,1
8250,0.0,0
8251,0.0,0
8252,0.0,1
8253,0.0,0
8254,0.0,0
8255,0.0,0
8256,0.0,0
8257,1.0,1
8258,0.0,1
8259,1.0,1
8260,0.0,0
8261,1.0,1
8262,0.0,0
8263,1.0,1
8264,0.0,0
8265,1.0,1
8266,0.0,0
8267,0.0,1
8268,1.0,1
8269,1.0,1
8270,0.0,0
8271,1.0,1
8272,1.0,1
8273,0.0,0
8274,1.0,1
8275,0.0,0
8276,0.0,0
8277,0.0,0
8278,0.0,0
8279,1.0,1
8280,1.0,1
8281,0.0,0
8282,1.0,1
8283,1.0,1
8284,0.0,0
8285,0.0,0
8286,0.0,1
8287,0.0,0
8288,1.0,1
8289,1.0,1
8290,1.0,1
8291,1.0,1
8292,1.0,1
8293,0.0,0
8294,0.0,1
8295,1.0,1
8296,1.0,1
8297,1.0,1
8298,1.0,0
8299,0.0,0
8300,0.0,0
8301,1.0,1
8302,1.0,1
8303,1.0,1
8304,1.0,1
8305,0.0,0
8306,0.0,0
8307,1.0,1
8308,0.0,0
8309,1.0,1
8310,1.0,1
8311,1.0,1
8312,0.0,0
8313,1.0,1
8314,1.0,1
8315,1.0,1
8316,0.0,0
8317,0.0,0
8318,1.0,1
8319,1.0,0
8320,1.0,1
8321,1.0,1
8322,1.0,1
8323,1.0,1
8324,0.0,0
8325,1.0,1
8326,1.0,0
8327,1.0,0
8328,1.0,1
8329,0.0,0
8330,1.0,1
8331,1.0,1
8332,1.0,1
8333,1.0,1
8334,1.0,1
8335,0.0,0
8336,1.0,1
8337,1.0,1
8338,1.0,1
8339,1.0,1
8340,1.0,1
8341,1.0,1
8342,0.0,0
8343,0.0,0
8344,1.0,1
8345,0.0,1
8346,1.0,1
8347,1.0,1
8348,1.0,1
8349,1.0,1
8350,1.0,1
8351,0.0,0
8352,1.0,1
8353,1.0,1
8354,1.0,1
8355,1.0,1
8356,1.0,1
8357,0.0,0
8358,0.0,0
8359,1.0,1
8360,0.0,0
8361,1.0,1
8362,1.0,1
8363,1.0,1
8364,1.0,0
8365,1.0,1
8366,1.0,1
8367,1.0,0
8368,0.0,0
8369,1.0,1
8370,1.0,1
8371,0.0,0
8372,1.0,1
8373,1.0,1
8374,0.0,0
8375,1.0,0
8376,1.0,1
8377,1.0,1
8378,0.0,0
8379,1.0,1
8380,0.0,0
8381,0.0,0
8382,0.0,0
8383,0.0,0
8384,1.0,1
8385,0.0,0
8386,1.0,0
8387,0.0,0
8388,1.0,1
8389,1.0,1
8390,0.0,0
8391,1.0,1
8392,1.0,1
8393,1.0,1
8394,1.0,1
8395,1.0,1
8396,1.0,1
8397,0.0,0
8398,0.0,0
8399,0.0,0
8400,0.0,0
8401,1.0,1
8402,1.0,1
8403,1.0,0
8404,0.0,0
8405,1.0,0
8406,0.0,1
8407,0.0,0
8408,0.0,0
8409,1.0,1
8410,1.0,1
8411,1.0,1
8412,0.0,0
8413,1.0,1
8414,1.0,0
8415,0.0,1
8416,0.0,0
8417,0.0,0
8418,1.0,0
8419,1.0,1
8420,0.0,0
8421,1.0,1
8422,1.0,1
8423,1.0,1
8424,1.0,1
8425,1.0,1
8426,1.0,0
8427,0.0,1
8428,0.0,0
8429,0.0,0
8430,0.0,0
8431,0.0,0
8432,0.0,0
8433,1.0,1
8434,1.0,1
8435,0.0,0
8436,1.0,1
8437,1.0,1
8438,1.0,1
8439,0.0,0
8440,0.0,0
8441,0.0,1
8442,1.0,1
8443,1.0,1
8444,1.0,1
8445,1.0,1
8446,0.0,0
8447,1.0,1
8448,1.0,1
8449,1.0,1
8450,1.0,1
8451,0.0,0
8452,1.0,1
8453,1.0,1
8454,1.0,0
8455,0.0,1
8456,0.0,0
8457,0.0,0
8458,1.0,1
8459,0.0,0
8460,0.0,1
8461,1.0,0
8462,1.0,1
8463,1.0,1
8464,1.0,0
8465,0.0,0
8466,1.0,1
8467,0.0,0
8468,1.0,1
8469,1.0,1
8470,0.0,0
8471,0.0,0
8472,0.0,0
8473,1.0,0
8474,1.0,1
8475,0.0,1
8476,1.0,1
8477,1.0,0
8478,1.0,1
8479,1.0,1
8480,0.0,0
8481,0.0,0
8482,1.0,1
8483,0.0,0
8484,1.0,0
8485,1.0,1
8486,1.0,1
8487,0.0,0
8488,1.0,1
8489,1.0,1
8490,0.0,0
8491,1.0,1
8492,1.0,1
8493,0.0,1
8494,0.0,1
8495,1.0,1
8496,0.0,1
8497,0.0,0
8498,0.0,0
8499,1.0,1
8500,0.0,0
8501,1.0,0
8502,0.0,0
8503,0.0,0
8504,1.0,0
8505,1.0,1
8506,1.0,1
8507,1.0,1
8508,0.0,0
8509,1.0,1
8510,1.0,1
8511,1.0,1
8512,1.0,1
8513,0.0,0
8514,0.0,0
8515,0.0,0
8516,1.0,1
8517,0.0,0
8518,1.0,1
8519,1.0,1
8520,0.0,0
8521,1.0,1
8522,0.0,0
8523,1.0,1
8524,1.0,1
8525,1.0,1
8526,1.0,1
8527,1.0,1
8528,1.0,1
8529,0.0,1
8530,0.0,0
8531,0.0,0
8532,1.0,1
8533,1.0,1
8534,0.0,0
8535,0.0,0
8536,0.0,0
8537,0.0,1
8538,0.0,0
8539,1.0,1
8540,0.0,0
8541,0.0,0
8542,1.0,1
8543,1.0,1
8544,1.0,1
8545,0.0,0
8546,0.0,0
8547,1.0,1
8548,1.0,0
8549,0.0,0
8550,0.0,0
8551,0.0,0
8552,0.0,0
8553,0.0,0
8554,0.0,0
8555,0.0,0
8556,0.0,0
8557,0.0,1
8558,1.0,1
8559,1.0,1
8560,1.0,1
8561,1.0,1
8562,1.0,1
8563,0.0,0
8564,1.0,1
8565,0.0,0
8566,1.0,1
8567,1.0,0
8568,0.0,1
8569,1.0,1
8570,0.0,0
8571,0.0,0
8572,1.0,1
8573,0.0,0
8574,1.0,1
8575,1.0,1
8576,1.0,1
8577,0.0,0
8578,1.0,1
8579,1.0,1
8580,0.0,0
8581,0.0,0
8582,0.0,0
8583,1.0,1
8584,1.0,1
8585,1.0,1
8586,0.0,0
8587,1.0,1
8588,1.0,1
8589,0.0,0
8590,1.0,1
8591,1.0,1
8592,1.0,1
8593,0.0,0
8594,1.0,1
8595,0.0,0
8596,0.0,0
8597,0.0,0
8598,1.0,1
8599,1.0,1
8600,1.0,1
8601,1.0,1
8602,0.0,0
8603,1.0,1
8604,1.0,0
8605,0.0,0
8606,0.0,0
8607,0.0,0
8608,0.0,0
8609,0.0,0
8610,1.0,1
8611,0.0,0
8612,1.0,1
8613,0.0,0
8614,0.0,0
8615,0.0,0
8616,0.0,0
8617,1.0,1
8618,1.0,1
8619,1.0,1
8620,0.0,0
8621,0.0,0
8622,0.0,0
8623,0.0,0
8624,0.0,0
8625,1.0,1
8626,1.0,1
8627,0.0,0
8628,1.0,1
8629,0.0,1
8630,0.0,0
8631,0.0,0
8632,0.0,0
8633,0.0,0
8634,1.0,1
8635,0.0,0
8636,1.0,1
8637,1.0,1
8638,1.0,1
8639,0.0,0
8640,1.0,0
8641,0.0,0
8642,1.0,1
8643,0.0,0
8644,0.0,0
8645,1.0,1
8646,0.0,0
8647,1.0,0
8648,0.0,0
8649,0.0,0
8650,0.0,1
8651,1.0,1
8652,1.0,1
8653,0.0,0
8654,1.0,1
8655,1.0,1
8656,0.0,0
8657,0.0,0
8658,0.0,0
8659,0.0,1
8660,0.0,0
8661,1.0,1
8662,0.0,0
8663,0.0,0
8664,0.0,0
8665,1.0,1
8666,0.0,0
8667,1.0,1
8668,1.0,1
8669,1.0,0
8670,0.0,0
8671,1.0,1
8672,0.0,1
8673,0.0,0
8674,0.0,0
8675,0.0,0
8676,0.0,0
8677,0.0,0
8678,0.0,0
8679,1.0,1
8680,0.0,0
8681,0.0,0
8682,0.0,0
8683,0.0,0
8684,0.0,0
8685,0.0,1
8686,0.0,0
8687,1.0,1
8688,0.0,1
8689,0.0,0
8690,1.0,1
8691,1.0,1
8692,0.0,0
8693,0.0,0
8694,0.0,0
8695,1.0,1
8696,0.0,0
8697,1.0,1
8698,0.0,1
8699,1.0,1
8700,0.0,0
8701,0.0,0
8702,0.0,0
8703,1.0,1
8704,0.0,0
8705,0.0,1
8706,1.0,1
8707,1.0,1
8708,0.0,0
8709,0.0,1
8710,1.0,1
8711,0.0,0
8712,1.0,1
8713,1.0,1
8714,0.0,0
8715,1.0,1
8716,0.0,0
8717,1.0,1
8718,0.0,0
8719,1.0,1
8720,0.0,0
8721,0.0,0
8722,0.0,0
8723,0.0,0
8724,0.0,0
8725,0.0,0
8726,0.0,1
8727,1.0,0
8728,1.0,1
8729,1.0,1
8730,0.0,0
8731,1.0,1
8732,1.0,0
8733,1.0,1
8734,0.0,0
8735,1.0,1
8736,1.0,1
8737,1.0,1
8738,0.0,1
8739,1.0,1
8740,0.0,0
8741,1.0,1
8742,0.0,0
8743,0.0,0
8744,0.0,0
8745,0.0,0
8746,1.0,0
8747,0.0,0
8748,0.0,0
8749,1.0,0
8750,1.0,1
8751,1.0,1
8752,1.0,1
8753,1.0,1
8754,1.0,1
8755,1.0,0
8756,0.0,0
8757,1.0,1
8758,0.0,0
8759,0.0,0
8760,1.0,1
8761,0.0,0
8762,0.0,0
8763,1.0,1
8764,1.0,1
8765,1.0,1
8766,1.0,1
8767,0.0,0
8768,1.0,1
8769,1.0,1
8770,1.0,1
8771,1.0,0
8772,0.0,0
8773,1.0,1
8774,1.0,1
8775,0.0,0
8776,1.0,1
8777,0.0,0
8778,0.0,0
8779,0.0,0
8780,0.0,0
8781,1.0,1
8782,0.0,0
8783,1.0,1
8784,0.0,0
8785,1.0,1
8786,1.0,1
8787,0.0,0
8788,1.0,1
8789,0.0,0
8790,1.0,1
8791,0.0,0
8792,0.0,0
8793,1.0,1
8794,1.0,0
8795,1.0,0
8796,0.0,0
8797,0.0,0
8798,0.0,0
8799,1.0,1
8800,0.0,0
8801,1.0,1
8802,0.0,0
8803,0.0,0
8804,1.0,0
8805,0.0,1
8806,1.0,1
8807,1.0,1
8808,0.0,0
8809,1.0,1
8810,1.0,1
8811,1.0,1
8812,0.0,0
8813,1.0,1
8814,0.0,0
8815,0.0,0
8816,0.0,0
8817,0.0,0
8818,0.0,0
8819,1.0,1
8820,1.0,0
8821,0.0,0
8822,1.0,0
8823,1.0,1
8824,1.0,1
8825,1.0,1
8826,1.0,0
8827,0.0,0
8828,1.0,1
8829,0.0,0
8830,0.0,0
8831,0.0,0
8832,0.0,0
8833,1.0,1
8834,0.0,0
8835,0.0,0
8836,1.0,1
8837,0.0,0
8838,1.0,0
8839,0.0,0
8840,1.0,1
8841,1.0,1
8842,0.0,0
8843,1.0,1
8844,0.0,0
8845,0.0,0
8846,1.0,1
8847,1.0,1
8848,1.0,1
8849,1.0,1
8850,0.0,0
8851,0.0,0
8852,0.0,0
8853,0.0,0
8854,1.0,1
8855,0.0,0
8856,0.0,0
8857,1.0,1
8858,1.0,0
8859,1.0,1
8860,0.0,0
8861,1.0,1
8862,1.0,0
8863,0.0,0
8864,1.0,1
8865,1.0,1
8866,0.0,0
8867,0.0,0
8868,1.0,1
8869,1.0,1
8870,0.0,0
8871,0.0,0
8872,0.0,0
8873,1.0,1
8874,1.0,1
8875,0.0,0
8876,1.0,1
8877,0.0,0
8878,1.0,1
8879,1.0,0
8880,1.0,0
8881,0.0,0
8882,1.0,1
8883,1.0,1
8884,0.0,0
8885,0.0,0
8886,0.0,0
8887,1.0,0
8888,0.0,0
8889,0.0,0
8890,0.0,0
8891,1.0,1
8892,1.0,1
8893,1.0,1
8894,0.0,0
8895,1.0,0
8896,0.0,0
8897,1.0,0
8898,0.0,0
8899,0.0,0
8900,1.0,1
8901,0.0,0
8902,1.0,1
8903,0.0,0
8904,0.0,0
8905,1.0,1
8906,1.0,1
8907,1.0,1
8908,0.0,1
8909,1.0,1
8910,1.0,1
8911,0.0,0
8912,1.0,1
8913,0.0,0
8914,1.0,1
8915,1.0,1
8916,0.0,0
8917,1.0,1
8918,1.0,1
8919,1.0,1
8920,0.0,0
8921,0.0,0
8922,1.0,1
8923,0.0,1
8924,0.0,0
8925,0.0,0
8926,1.0,1
8927,1.0,1
8928,1.0,0
8929,0.0,0
8930,0.0,0
8931,1.0,1
8932,1.0,1
8933,1.0,1
8934,0.0,0
8935,0.0,0
8936,0.0,0
8937,1.0,1
8938,0.0,0
8939,0.0,0
8940,1.0,1
8941,1.0,1
8942,0.0,0
8943,1.0,1
8944,1.0,1
8945,0.0,1
8946,1.0,1
8947,0.0,0
8948,1.0,1
8949,1.0,1
8950,0.0,0
8951,0.0,0
8952,1.0,0
8953,1.0,0
8954,1.0,1
8955,0.0,0
8956,1.0,1
8957,1.0,1
8958,1.0,1
8959,0.0,0
8960,0.0,0
8961,1.0,1
8962,1.0,1
8963,0.0,0
8964,1.0,1
8965,1.0,1
8966,1.0,1
8967,1.0,1
8968,1.0,1
8969,0.0,0
8970,1.0,1
8971,0.0,0
8972,1.0,1
8973,1.0,1
8974,0.0,0
8975,0.0,0
8976,1.0,1
8977,0.0,0
8978,1.0,1
8979,1.0,1
8980,0.0,0
8981,0.0,0
8982,1.0,1
8983,1.0,0
8984,1.0,1
8985,1.0,1
8986,0.0,0
8987,0.0,1
8988,1.0,1
8989,1.0,1
8990,1.0,1
8991,1.0,1
8992,1.0,1
8993,0.0,0
8994,1.0,1
8995,1.0,1
8996,0.0,0
8997,1.0,1
8998,0.0,0
8999,0.0,0
9000,0.0,0
9001,0.0,0
9002,1.0,1
9003,0.0,0
9004,1.0,1
9005,1.0,1
9006,1.0,0
9007,0.0,1
9008,0.0,0
9009,0.0,0
9010,1.0,1
9011,0.0,0
9012,1.0,1
9013,0.0,0
9014,1.0,1
9015,0.0,0
9016,0.0,0
9017,1.0,1
9018,0.0,1
9019,1.0,1
9020,1.0,1
9021,1.0,1
9022,1.0,1
9023,0.0,0
9024,1.0,1
9025,0.0,1
9026,1.0,1
9027,0.0,0
9028,1.0,1
9029,0.0,0
9030,0.0,0
9031,1.0,1
9032,1.0,1
9033,1.0,1
9034,0.0,0
9035,1.0,1
9036,1.0,1
9037,1.0,1
9038,1.0,1
9039,0.0,1
9040,0.0,0
9041,0.0,0
9042,1.0,1
9043,1.0,1
9044,0.0,0
9045,1.0,1
9046,1.0,0
9047,0.0,1
9048,0.0,0
9049,1.0,1
9050,1.0,1
9051,0.0,0
9052,1.0,1
9053,1.0,1
9054,0.0,0
9055,1.0,1
9056,0.0,0
9057,1.0,1
9058,0.0,0
9059,1.0,1
9060,0.0,0
9061,0.0,0
9062,1.0,1
9063,1.0,1
9064,1.0,1
9065,1.0,1
9066,1.0,1
9067,1.0,1
9068,1.0,1
9069,0.0,1
9070,1.0,1
9071,1.0,1
9072,1.0,1
9073,0.0,0
9074,1.0,1
9075,1.0,0
9076,1.0,1
9077,0.0,0
9078,1.0,0
9079,1.0,1
9080,0.0,0
9081,0.0,0
9082,0.0,0
9083,1.0,0
9084,1.0,0
9085,0.0,0
9086,1.0,1
9087,1.0,1
9088,1.0,1
9089,1.0,1
9090,0.0,0
9091,1.0,1
9092,0.0,0
9093,1.0,1
9094,0.0,0
9095,0.0,1
9096,0.0,0
9097,0.0,0
9098,0.0,0
9099,0.0,0
9100,0.0,0
9101,1.0,1
9102,1.0,1
9103,0.0,0
9104,0.0,1
9105,1.0,0
9106,0.0,0
9107,1.0,1
9108,0.0,0
9109,1.0,1
9110,1.0,1
9111,1.0,1
9112,1.0,1
9113,0.0,1
9114,0.0,0
9115,0.0,0
9116,0.0,0
9117,1.0,1
9118,1.0,1
9119,0.0,0
9120,1.0,1
9121,0.0,0
9122,1.0,1
9123,1.0,1
9124,1.0,1
9125,1.0,1
9126,0.0,0
9127,1.0,1
9128,1.0,1
9129,0.0,0
9130,0.0,0
9131,0.0,0
9132,1.0,1
9133,0.0,0
9134,1.0,1
9135,0.0,0
9136,1.0,1
9137,1.0,1
9138,0.0,0
9139,1.0,1
9140,1.0,1
9141,0.0,0
9142,0.0,0
9143,0.0,0
9144,0.0,0
9145,1.0,1
9146,0.0,0
9147,1.0,1
9148,1.0,0
9149,0.0,0
9150,1.0,1
9151,1.0,1
9152,1.0,1
9153,0.0,0
9154,1.0,1
9155,0.0,1
9156,1.0,1
9157,1.0,1
9158,0.0,0
9159,1.0,1
9160,0.0,0
9161,0.0,0
9162,0.0,0
9163,0.0,0
9164,1.0,1
9165,0.0,0
9166,0.0,0
9167,0.0,1
9168,1.0,0
9169,1.0,1
9170,0.0,0
9171,0.0,0
9172,0.0,0
9173,0.0,0
9174,0.0,0
9175,0.0,0
9176,1.0,1
9177,0.0,0
9178,1.0,1
9179,1.0,1
9180,0.0,0
9181,1.0,1
9182,0.0,0
9183,1.0,1
9184,1.0,1
9185,1.0,1
9186,0.0,0
9187,0.0,0
9188,0.0,0
9189,0.0,0
9190,1.0,1
9191,0.0,0
9192,1.0,1
9193,1.0,1
9194,0.0,0
9195,0.0,0
9196,1.0,1
9197,0.0,0
9198,0.0,0
9199,0.0,1
9200,0.0,0
9201,1.0,1
9202,1.0,1
9203,0.0,0
9204,0.0,0
9205,0.0,0
9206,1.0,1
9207,1.0,1
9208,0.0,0
9209,1.0,1
9210,1.0,1
9211,0.0,0
9212,1.0,1
9213,0.0,0
9214,1.0,1
9215,0.0,0
9216,0.0,0
9217,0.0,0
9218,1.0,1
9219,0.0,0
9220,0.0,0
9221,1.0,1
9222,1.0,1
9223,1.0,0
9224,1.0,1
9225,0.0,0
9226,1.0,1
9227,1.0,1
9228,0.0,0
9229,0.0,0
9230,0.0,0
9231,0.0,0
9232,1.0,1
9233,1.0,1
9234,0.0,0
9235,1.0,1
9236,0.0,0
9237,1.0,0
9238,1.0,1
9239,0.0,0
9240,1.0,1
9241,1.0,1
9242,0.0,0
9243,0.0,0
9244,0.0,0
9245,0.0,0
9246,1.0,1
9247,1.0,0
9248,0.0,0
9249,1.0,0
9250,1.0,0
9251,1.0,1
9252,0.0,0
9253,1.0,0
9254,1.0,1
9255,0.0,1
9256,1.0,1
9257,1.0,1
9258,1.0,0
9259,1.0,1
9260,0.0,0
9261,0.0,0
9262,0.0,0
9263,1.0,1
9264,0.0,0
9265,1.0,1
9266,1.0,1
9267,1.0,1
9268,0.0,0
9269,1.0,1
9270,0.0,0
9271,1.0,1
9272,0.0,0
9273,1.0,1
9274,0.0,0
9275,1.0,1
9276,1.0,1
9277,1.0,1
9278,1.0,1
9279,1.0,1
9280,0.0,0
9281,0.0,1
9282,0.0,1
9283,0.0,0
9284,1.0,1
9285,1.0,1
9286,0.0,0
9287,0.0,1
9288,0.0,0
9289,1.0,1
9290,1.0,1
9291,0.0,0
9292,0.0,0
9293,1.0,1
9294,1.0,1
9295,1.0,1
9296,1.0,1
9297,1.0,1
9298,0.0,0
9299,0.0,0
9300,1.0,1
9301,1.0,1
9302,1.0,1
9303,0.0,0
9304,1.0,1
9305,1.0,1
9306,0.0,0
9307,0.0,1
9308,1.0,1
9309,0.0,0
9310,0.0,0
9311,1.0,0
9312,0.0,0
9313,1.0,1
9314,0.0,0
9315,1.0,1
9316,1.0,1
9317,1.0,1
9318,1.0,1
9319,0.0,0
9320,1.0,1
9321,0.0,0
9322,0.0,0
9323,0.0,0
9324,0.0,0
9325,1.0,1
9326,0.0,0
9327,1.0,1
9328,1.0,0
9329,0.0,0
9330,1.0,1
9331,0.0,0
9332,0.0,0
9333,1.0,1
9334,1.0,1
9335,0.0,0
9336,0.0,0
9337,1.0,1
9338,1.0,1
9339,0.0,1
9340,1.0,0
9341,0.0,0
9342,0.0,0
9343,0.0,1
9344,1.0,1
9345,1.0,1
9346,0.0,0
9347,1.0,1
9348,0.0,0
9349,0.0,0
9350,1.0,0
9351,1.0,1
9352,1.0,1
9353,1.0,1
9354,1.0,1
9355,1.0,1
9356,0.0,0
9357,0.0,0
9358,0.0,0
9359,0.0,1
9360,0.0,0
9361,0.0,0
9362,1.0,1
9363,1.0,1
9364,0.0,0
9365,1.0,1
9366,1.0,1
9367,1.0,1
9368,1.0,1
9369,0.0,1
9370,1.0,1
9371,1.0,1
9372,1.0,0
9373,0.0,0
9374,0.0,0
9375,0.0,0
9376,1.0,1
9377,1.0,1
9378,0.0,0
9379,1.0,0
9380,0.0,0
9381,1.0,1
9382,0.0,0
9383,1.0,0
9384,1.0,1
9385,1.0,0
9386,0.0,0
9387,0.0,0
9388,1.0,1
9389,0.0,0
9390,0.0,0
9391,1.0,1
9392,1.0,1
9393,0.0,0
9394,0.0,0
9395,1.0,1
9396,1.0,1
9397,1.0,0
9398,0.0,0
9399,1.0,1
9400,0.0,0
9401,0.0,0
9402,1.0,1
9403,0.0,0
9404,1.0,1
9405,1.0,1
9406,1.0,1
9407,1.0,1
9408,0.0,0
9409,1.0,1
9410,1.0,1
9411,1.0,1
9412,1.0,1
9413,0.0,0
9414,1.0,1
9415,1.0,1
9416,1.0,1
9417,0.0,0
9418,1.0,1
9419,1.0,1
9420,1.0,1
9421,1.0,1
9422,1.0,1
9423,0.0,0
9424,0.0,0
9425,1.0,1
9426,1.0,1
9427,0.0,1
9428,1.0,1
9429,1.0,0
9430,1.0,1
9431,0.0,0
9432,1.0,1
9433,0.0,0
9434,1.0,1
9435,0.0,0
9436,0.0,0
9437,0.0,0
9438,1.0,0
9439,1.0,1
9440,1.0,1
9441,0.0,1
9442,0.0,0
9443,0.0,1
9444,0.0,0
9445,1.0,0
9446,0.0,0
9447,0.0,0
9448,0.0,0
9449,0.0,0
9450,1.0,1
9451,1.0,1
9452,1.0,1
9453,1.0,1
9454,1.0,0
9455,1.0,1
9456,0.0,0
9457,1.0,1
9458,1.0,1
9459,0.0,0
9460,1.0,1
9461,0.0,0
9462,0.0,0
9463,0.0,0
9464,0.0,1
9465,1.0,1
9466,1.0,1
9467,1.0,1
9468,1.0,1
9469,0.0,1
9470,0.0,1
9471,1.0,1
9472,1.0,1
